frame 1: 0 0.524609 0.554167 0.661719 0.341667 0.853027 
frame 2: 0 0.525781 0.55625 0.657812 0.343056 0.852051 
frame 3: 0 0.526563 0.560417 0.659375 0.345833 0.859863 
frame 4: 0 0.528125 0.563194 0.660937 0.351389 0.875977 
frame 5: 0 0.527344 0.566667 0.659375 0.35 0.869141 
frame 6: 0 0.524219 0.568056 0.657812 0.358333 0.865234 
frame 7: 0 0.523047 0.575 0.660156 0.363889 0.862793 
frame 8: 0 0.525 0.579167 0.664062 0.375 0.82959 
frame 9: 0 0.522266 0.581944 0.664844 0.380556 0.855957 
frame 10: 0 0.521484 0.584028 0.667969 0.3875 0.88623 
frame 11: 0 0.519531 0.583333 0.676562 0.388889 0.869141 
frame 12: 0 0.519922 0.585417 0.682031 0.393056 0.875488 
frame 13: 0 0.510547 0.602083 0.691406 0.398611 0.842285 
frame 14: 0 0.511719 0.569444 0.685938 0.444444 0.859863 
frame 15: 0 0.512891 0.559722 0.685156 0.438889 0.855957 
frame 16: 0 0.513281 0.545833 0.682813 0.458333 0.839844 
frame 17: 0 0.517969 0.533333 0.670313 0.483333 0.86377 
frame 18: 0 0.519531 0.522917 0.664062 0.476389 0.859863 
frame 19: 0 0.525 0.527778 0.659375 0.480556 0.902832 
frame 20: 0 0.528906 0.524306 0.657812 0.470833 0.899414 
frame 21: 0 0.53125 0.521528 0.659375 0.459722 0.90332 
frame 22: 0 0.530469 0.518056 0.659375 0.447222 0.911133 
frame 23: 0 0.53125 0.513194 0.65625 0.434722 0.908203 
frame 24: 0 0.532812 0.509028 0.653125 0.426389 0.865723 
frame 25: 0 0.532812 0.508333 0.654688 0.427778 0.833008 
frame 26: 0 0.533984 0.505556 0.653906 0.427778 0.833984 
frame 27: 0 0.536719 0.501389 0.651563 0.419444 0.826172 
frame 28: 0 0.5375 0.5 0.651563 0.411111 0.823242 
frame 29: 0 0.539844 0.49375 0.645312 0.404167 0.816895 
frame 30: 0 0.541797 0.4875 0.642969 0.391667 0.851562 
frame 31: 0 0.542188 0.484028 0.642187 0.390278 0.871582 
frame 32: 0 0.542578 0.482639 0.641406 0.381944 0.859863 
frame 33: 0 0.542188 0.472222 0.640625 0.394444 0.918457 
frame 34: 0 0.541797 0.466667 0.642969 0.394444 0.906738 
frame 35: 0 0.540625 0.458333 0.640625 0.4 0.916504 
frame 36: 0 0.542188 0.454167 0.6375 0.405556 0.914551 
frame 37: 0 0.542578 0.447222 0.639844 0.416667 0.913574 
frame 38: 0 0.541406 0.44375 0.642187 0.420833 0.907227 
frame 39: 0 0.539062 0.4625 0.64375 0.375 0.875977 
frame 40: 0 0.540625 0.43125 0.640625 0.454167 0.90332 
frame 41: 0 0.541016 0.448611 0.641406 0.455556 0.900879 
frame 42: 0 0.542969 0.434028 0.639063 0.515278 0.911621 
frame 43: 0 0.539844 0.439583 0.642187 0.540278 0.901855 
frame 44: 0 0.540234 0.494444 0.644531 0.447222 0.873047 
frame 45: 0 0.5375 0.423611 0.646875 0.630556 0.901367 
frame 46: 0 0.535937 0.415972 0.646875 0.676389 0.909668 
frame 47: 0 0.535937 0.40625 0.65 0.726389 0.841797 
frame 48: 0 0.535937 0.4 0.651563 0.75 0.931641 
frame 49: 0 0.535156 0.390972 0.654688 0.779167 0.941895 
frame 50: 0 0.533984 0.392361 0.655469 0.779167 0.941895 
frame 51: 0 0.533594 0.410417 0.657812 0.8125 0.932129 
frame 52: 0 0.534766 0.381944 0.660156 0.758333 0.938477 
frame 53: 0 0.530469 0.376389 0.654688 0.752778 0.935547 
frame 54: 0 0.528125 0.351389 0.654688 0.702778 0.917969 
frame 55: 0 0.527344 0.346528 0.65625 0.693056 0.932129 
frame 56: 0 0.527344 0.339583 0.65625 0.673611 0.92627 
frame 57: 0 0.529688 0.334722 0.659375 0.669444 0.916992 
frame 58: 0 0.528906 0.343056 0.657812 0.675 0.911133 
frame 59: 0 0.528906 0.355556 0.664062 0.644444 0.916016 
frame 60: 0 0.526172 0.378472 0.666406 0.595833 0.903809 
frame 61: 0 0.525391 0.405556 0.669531 0.538889 0.893066 
frame 62: 0 0.526563 0.424306 0.664062 0.5125 0.894531 
frame 63: 0 0.525391 0.439583 0.666406 0.448611 0.867188 
frame 64: 0 0.521484 0.454861 0.661719 0.431944 0.85498 
frame 65: 0 0.521875 0.478472 0.664062 0.426389 0.867188 
frame 66: 0 0.522266 0.488194 0.658594 0.434722 0.891113 
frame 67: 0 0.525 0.496528 0.659375 0.440278 0.902344 
frame 68: 0 0.528516 0.503472 0.660156 0.440278 0.901855 
frame 69: 0 0.530078 0.504167 0.661719 0.458333 0.912109 
frame 70: 0 0.532031 0.509028 0.65625 0.473611 0.921875 
frame 71: 0 0.532812 0.514583 0.653125 0.4875 0.920898 
frame 72: 0 0.535156 0.517361 0.648438 0.495833 0.916016 
frame 73: 0 0.5375 0.527083 0.64375 0.493056 0.920898 
frame 74: 0 0.540625 0.529861 0.639063 0.490278 0.924805 
frame 75: 0 0.54375 0.534722 0.6375 0.491667 0.930664 
frame 76: 0 0.545703 0.538889 0.633594 0.486111 0.92041 
frame 77: 0 0.546875 0.541667 0.628125 0.483333 0.916504 
frame 78: 0 0.548437 0.551389 0.626562 0.475 0.916992 
frame 79: 0 0.549219 0.557639 0.621875 0.448611 0.899414 
frame 80: 0 0.55 0.557639 0.620313 0.445833 0.891113 
frame 81: 0 0.549609 0.559722 0.616406 0.444444 0.889648 
frame 82: 0 0.550391 0.557639 0.613281 0.454167 0.905273 
frame 83: 0 0.546094 0.557639 0.598437 0.4625 0.912109 
frame 84: 0 0.547656 0.563194 0.596875 0.448611 0.910156 
frame 85: 0 0.548828 0.55625 0.594531 0.468056 0.914062 
frame 86: 0 0.551562 0.549306 0.604688 0.490278 0.925293 
frame 87: 0 0.552344 0.552083 0.601562 0.5125 0.932129 
frame 88: 0 0.551172 0.561111 0.599219 0.527778 0.919922 
frame 89: 0 0.551172 0.567361 0.596094 0.559722 0.928223 
frame 90: 0 0.549609 0.575 0.594531 0.572222 0.919434 
frame 91: 0 0.550781 0.578472 0.595312 0.576389 0.887207 
frame 92: 0 0.550391 0.582639 0.594531 0.584722 0.800781 
frame 93: 0 0.548828 0.582639 0.594531 0.601389 0.894043 
frame 94: 0 0.546875 0.579167 0.59375 0.619444 0.913574 
frame 95: 0 0.547266 0.58125 0.594531 0.626389 0.897461 
frame 96: 0 0.547656 0.597917 0.59375 0.609722 0.879395 
frame 97: 0 0.545313 0.601389 0.595312 0.608333 0.905762 
frame 98: 0 0.54375 0.610417 0.596875 0.598611 0.895508 
frame 99: 0 0.541406 0.604167 0.596875 0.613889 0.924316 
frame 100: 0 0.539062 0.602778 0.598437 0.611111 0.925293 
frame 101: 0 0.537891 0.602083 0.602344 0.609722 0.928711 
frame 102: 0 0.535937 0.6 0.60625 0.611111 0.926758 
frame 103: 0 0.534375 0.597917 0.6125 0.618056 0.919922 
frame 104: 0 0.532031 0.594444 0.615625 0.619444 0.936523 
frame 105: 0 0.530469 0.596528 0.617188 0.609722 0.941895 
frame 106: 0 0.529297 0.597222 0.621094 0.6 0.939453 
frame 107: 0 0.527344 0.593056 0.623438 0.597222 0.92627 
frame 108: 0 0.525391 0.590278 0.625781 0.588889 0.931152 
frame 109: 0 0.525 0.586806 0.629687 0.579167 0.931641 
frame 110: 0 0.523047 0.583333 0.635156 0.563889 0.927734 
frame 111: 0 0.518359 0.579167 0.638281 0.552778 0.932617 
frame 112: 0 0.515625 0.572222 0.6375 0.538889 0.918457 
frame 113: 0 0.515234 0.568056 0.638281 0.533333 0.916504 
frame 114: 0 0.513672 0.573611 0.638281 0.508333 0.908691 
frame 115: 0 0.512109 0.569444 0.636719 0.505556 0.90625 
frame 116: 0 0.510156 0.583333 0.639063 0.472222 0.862793 
frame 117: 0 0.512109 0.540972 0.633594 0.540278 0.910645 
frame 118: 0 0.510156 0.532639 0.629687 0.548611 0.916016 
frame 119: 0 0.508984 0.545139 0.628906 0.504167 0.904297 
frame 120: 0 0.508984 0.559028 0.628906 0.459722 0.80127 
frame 121: 0 0.507031 0.554167 0.626562 0.452778 0.881836 
frame 122: 0 0.505859 0.554861 0.624219 0.443056 0.885742 
frame 123: 0 0.503906 0.558333 0.620313 0.433333 0.904297 
frame 124: 0 0.501562 0.55625 0.61875 0.418056 0.887695 
frame 125: 0 0.502734 0.554167 0.617969 0.405556 0.814941 
frame 126: 0 0.501172 0.547222 0.617969 0.397222 0.854004 
frame 127: 0 0.5 0.540972 0.615625 0.395833 0.896973 
frame 128: 0 0.499219 0.544444 0.617188 0.377778 0.897461 
frame 129: 0 0.499219 0.544444 0.617188 0.372222 0.87207 
frame 130: 0 0.490625 0.551389 0.610937 0.344444 0.82373 
frame 131: 0 0.493359 0.552778 0.607031 0.327778 0.887695 
frame 132: 0 0.490625 0.551389 0.60625 0.330556 0.861816 
frame 133: 0 0.499609 0.528472 0.610156 0.356944 0.806152 
frame 134: 0 0.5 0.530556 0.6125 0.366667 0.853516 
frame 135: 0 0.500391 0.527778 0.613281 0.411111 0.8125 
frame 136: 0 0.498828 0.529861 0.608594 0.418056 0.839355 
frame 137: 0 0.497656 0.527083 0.60625 0.431944 0.88623 
frame 138: 0 0.505078 0.525694 0.621094 0.440278 0.891113 
frame 139: 0 0.503516 0.525 0.621094 0.444444 0.88916 
frame 140: 0 0.508594 0.527083 0.626562 0.4375 0.908691 
frame 141: 0 0.508594 0.525694 0.629687 0.431944 0.855957 
frame 142: 0 0.505469 0.525694 0.620313 0.426389 0.86084 
frame 143: 0 0.504687 0.527083 0.623438 0.418056 0.809082 
frame 144: 0 0.506641 0.526389 0.627344 0.411111 0.808105 
frame 145: 0 0.522266 0.520139 0.652344 0.365278 0.828613 
frame 146: 0 0.520703 0.518056 0.652344 0.363889 0.812012 
frame 147: 0 0.517969 0.514583 0.646875 0.3625 0.834473 
frame 148: 0 0.51875 0.5125 0.65 0.363889 0.854004 
frame 149: 0 0.512891 0.5125 0.635156 0.363889 0.86377 
frame 150: 0 0.515234 0.514583 0.644531 0.3625 0.885742 
frame 151: 0 0.514844 0.513889 0.642187 0.366667 0.895996 
frame 152: 0 0.514844 0.515278 0.642187 0.369444 0.90918 
frame 153: 0 0.516016 0.515972 0.642969 0.368056 0.902344 
frame 154: 0 0.513281 0.516667 0.639063 0.366667 0.902832 
frame 155: 0 0.514063 0.520139 0.640625 0.373611 0.894043 
frame 156: 0 0.514844 0.522222 0.640625 0.377778 0.896484 
frame 157: 0 0.514063 0.525 0.640625 0.383333 0.902832 
frame 158: 0 0.514063 0.528472 0.640625 0.390278 0.882812 
frame 159: 0 0.514063 0.530556 0.640625 0.402778 0.875977 
frame 160: 0 0.513281 0.529861 0.64375 0.404167 0.868652 
frame 161: 0 0.514453 0.536111 0.644531 0.408333 0.879883 
frame 162: 0 0.513672 0.540278 0.642969 0.413889 0.89502 
frame 163: 0 0.512891 0.547222 0.646094 0.411111 0.852539 
frame 164: 0 0.5125 0.554167 0.64375 0.419444 0.892578 
frame 165: 0 0.513281 0.558333 0.64375 0.427778 0.911133 
frame 166: 0 0.511719 0.564583 0.642187 0.431944 0.922852 
frame 167: 0 0.511328 0.573611 0.641406 0.447222 0.925293 
frame 168: 0 0.511719 0.577778 0.642187 0.444444 0.924316 
frame 169: 0 0.510938 0.580556 0.639063 0.438889 0.92334 
frame 170: 0 0.511719 0.583333 0.639063 0.438889 0.908691 
frame 171: 0 0.511719 0.585417 0.639063 0.440278 0.867188 
frame 172: 0 0.510938 0.59375 0.640625 0.440278 0.895996 
frame 173: 0 0.511719 0.597917 0.639063 0.440278 0.894043 
frame 174: 0 0.511328 0.602083 0.639844 0.4375 0.882812 
frame 175: 0 0.510938 0.605556 0.640625 0.438889 0.911621 
frame 176: 0 0.511328 0.608333 0.642969 0.438889 0.873047 
frame 177: 0 0.507422 0.610417 0.624219 0.440278 0.811035 
frame 178: 0 0.511328 0.610417 0.630469 0.448611 0.823242 
frame 179: 0 0.5125 0.608333 0.632812 0.455556 0.836914 
frame 180: 0 0.511719 0.607639 0.629687 0.4625 0.825684 
frame 181: 0 0.513281 0.60625 0.642187 0.459722 0.884277 
frame 182: 0 0.513281 0.604861 0.642187 0.465278 0.904785 
frame 183: 0 0.510547 0.609028 0.630469 0.468056 0.835449 
frame 184: 0 0.514844 0.573611 0.6375 0.591667 0.892578 
frame 185: 0 0.514844 0.571528 0.639063 0.6125 0.89209 
frame 186: 0 0.514844 0.559722 0.6375 0.644444 0.912598 
frame 187: 0 0.514063 0.55 0.6375 0.672222 0.918945 
frame 188: 0 0.514844 0.545833 0.635938 0.697222 0.925781 
frame 189: 0 0.516016 0.540972 0.635156 0.715278 0.932129 
frame 190: 0 0.516406 0.533333 0.6375 0.738889 0.936523 
frame 191: 0 0.515625 0.525 0.635938 0.766667 0.938477 
frame 192: 0 0.515234 0.518056 0.635156 0.791667 0.936523 
frame 193: 0 0.515625 0.510417 0.6375 0.815278 0.919922 
frame 194: 0 0.516016 0.50625 0.636719 0.834722 0.92041 
frame 195: 0 0.516406 0.500694 0.6375 0.845833 0.923828 
frame 196: 0 0.516406 0.506944 0.639063 0.858333 0.858887 
frame 197: 0 0.516406 0.510417 0.639063 0.870833 0.852539 
frame 198: 0 0.516016 0.503472 0.639844 0.895833 0.885254 
frame 199: 0 0.516406 0.509028 0.639063 0.906944 0.897461 
frame 200: 0 0.516797 0.520833 0.639844 0.902778 0.893555 
frame 201: 0 0.517969 0.554167 0.640625 0.852778 0.864258 
frame 202: 0 0.517969 0.565972 0.642187 0.845833 0.873535 
frame 203: 0 0.517187 0.525 0.640625 0.933333 0.916992 
frame 204: 0 0.517578 0.527083 0.639844 0.929167 0.899414 
frame 205: 0 0.517969 0.525 0.639063 0.930556 0.888672 
frame 206: 0 0.517187 0.526389 0.640625 0.925 0.916992 
frame 207: 0 0.517578 0.526389 0.639844 0.925 0.928223 
frame 208: 0 0.517187 0.529861 0.6375 0.918056 0.933594 
frame 209: 0 0.517969 0.536806 0.639063 0.909722 0.937012 
frame 210: 0 0.518359 0.536806 0.639844 0.909722 0.938965 
frame 211: 0 0.517969 0.540278 0.639063 0.902778 0.925293 
frame 212: 0 0.517969 0.545833 0.635938 0.894444 0.887207 
frame 213: 0 0.519531 0.551389 0.639063 0.886111 0.917969 
frame 214: 0 0.51875 0.561111 0.639063 0.861111 0.80957 
frame 215: 0 0.515625 0.570139 0.6375 0.851389 0.933105 
frame 216: 0 0.514063 0.581944 0.6375 0.816667 0.910156 
frame 217: 0 0.513281 0.590278 0.639063 0.802778 0.929688 
frame 218: 0 0.512109 0.595139 0.635156 0.795833 0.935547 
frame 219: 0 0.511719 0.598611 0.635938 0.786111 0.94043 
frame 220: 0 0.5125 0.601389 0.6375 0.775 0.928223 
frame 221: 0 0.514844 0.603472 0.640625 0.765278 0.94043 
frame 222: 0 0.513281 0.604167 0.639063 0.758333 0.932129 
frame 223: 0 0.514063 0.604861 0.640625 0.734722 0.943359 
frame 224: 0 0.514063 0.603472 0.640625 0.718056 0.946777 
frame 225: 0 0.514063 0.602083 0.640625 0.709722 0.942871 
frame 226: 0 0.514844 0.598611 0.6375 0.7 0.938965 
frame 227: 0 0.513281 0.599306 0.639063 0.695833 0.935059 
frame 228: 0 0.510938 0.595833 0.6375 0.686111 0.923828 
frame 229: 0 0.510938 0.586806 0.635938 0.684722 0.922363 
frame 230: 0 0.511719 0.586806 0.6375 0.676389 0.918945 
frame 231: 0 0.510938 0.579861 0.6375 0.665278 0.922852 
frame 232: 0 0.510547 0.573611 0.636719 0.663889 0.935547 
frame 233: 0 0.509766 0.568056 0.635156 0.652778 0.935059 
frame 234: 0 0.510547 0.563194 0.633594 0.645833 0.935059 
frame 235: 0 0.5125 0.560417 0.635938 0.6375 0.937012 
frame 236: 0 0.509375 0.555556 0.634375 0.638889 0.937988 
frame 237: 0 0.511328 0.550694 0.638281 0.631944 0.914062 
frame 238: 0 0.510938 0.545139 0.6375 0.631944 0.912598 
frame 239: 0 0.511719 0.539583 0.639063 0.6375 0.921387 
frame 240: 0 0.509375 0.5375 0.6375 0.636111 0.928711 
frame 241: 0 0.510938 0.5375 0.639063 0.638889 0.930176 
frame 242: 0 0.513672 0.534722 0.646094 0.638889 0.941895 
frame 243: 0 0.5125 0.534028 0.64375 0.6375 0.945312 
frame 244: 0 0.5125 0.533333 0.646875 0.638889 0.943848 
frame 245: 0 0.511719 0.531944 0.645312 0.636111 0.942871 
frame 246: 0 0.513281 0.529861 0.648438 0.631944 0.939453 
frame 247: 0 0.513281 0.529861 0.651563 0.631944 0.939453 
frame 248: 0 0.514844 0.530556 0.657812 0.627778 0.930176 
frame 249: 0 0.515625 0.528472 0.659375 0.626389 0.92334 
frame 250: 0 0.515625 0.527083 0.665625 0.629167 0.898926 
frame 251: 0 0.517969 0.527778 0.66875 0.627778 0.918945 
frame 252: 0 0.517187 0.526389 0.671875 0.630556 0.925293 
frame 253: 0 0.514063 0.530556 0.667188 0.622222 0.923828 
frame 254: 0 0.511719 0.535417 0.667188 0.615278 0.905273 
frame 255: 0 0.514844 0.536806 0.665625 0.615278 0.925781 
frame 256: 0 0.514063 0.538889 0.659375 0.619444 0.932617 
frame 257: 0 0.514844 0.545833 0.657812 0.613889 0.915039 
frame 258: 0 0.513281 0.547222 0.657812 0.611111 0.907227 
frame 259: 0 0.512109 0.548611 0.655469 0.605556 0.914062 
frame 260: 0 0.511719 0.553472 0.653125 0.598611 0.92334 
frame 261: 0 0.5125 0.55625 0.653125 0.598611 0.922363 
frame 262: 0 0.512109 0.554861 0.650781 0.5875 0.921387 
frame 263: 0 0.512891 0.555556 0.650781 0.583333 0.927734 
frame 264: 0 0.512891 0.554861 0.650781 0.579167 0.923828 
frame 265: 0 0.512891 0.555556 0.650781 0.566667 0.921875 
frame 266: 0 0.511719 0.55625 0.651563 0.565278 0.84082 
frame 267: 0 0.514063 0.550694 0.651563 0.568056 0.883301 
frame 268: 0 0.514844 0.55 0.651563 0.566667 0.837402 
frame 269: 0 0.515625 0.541667 0.653125 0.566667 0.89209 
frame 270: 0 0.514063 0.539583 0.654688 0.573611 0.873047 
frame 271: 0 0.512891 0.535417 0.653906 0.576389 0.896484 
frame 272: 0 0.512891 0.534722 0.653906 0.575 0.875977 
frame 273: 0 0.512891 0.529861 0.657031 0.581944 0.839844 
frame 274: 0 0.514453 0.522222 0.657031 0.591667 0.888184 
frame 275: 0 0.515625 0.522222 0.659375 0.594444 0.900391 
frame 276: 0 0.514844 0.51875 0.660937 0.601389 0.845703 
frame 277: 0 0.514063 0.513889 0.657812 0.611111 0.821777 
frame 278: 0 0.513281 0.511806 0.657812 0.609722 0.811035 
frame 279: 0 0.516797 0.5125 0.663281 0.611111 0.855957 
frame 280: 0 0.514063 0.511111 0.657812 0.619444 0.867188 
frame 281: 0 0.514063 0.511111 0.659375 0.627778 0.83252 
frame 282: 0 0.512891 0.510417 0.657031 0.634722 0.876953 
frame 283: 0 0.514453 0.511111 0.660156 0.661111 0.80957 
frame 284: 0 0.5125 0.514583 0.659375 0.681944 0.858887 
frame 285: 0 0.514063 0.516667 0.657812 0.694444 0.90918 
frame 286: 0 0.514063 0.515278 0.659375 0.708333 0.925781 
frame 287: 0 0.513281 0.5125 0.659375 0.719444 0.916992 
frame 288: 0 0.514063 0.515278 0.659375 0.736111 0.933594 
frame 289: 0 0.5125 0.515972 0.659375 0.745833 0.931152 
frame 290: 0 0.513672 0.514583 0.657031 0.759722 0.927246 
frame 291: 0 0.5125 0.516667 0.659375 0.772222 0.92627 
frame 292: 0 0.5125 0.519444 0.659375 0.788889 0.930176 
frame 293: 0 0.512109 0.520833 0.657031 0.808333 0.924805 
frame 294: 0 0.514453 0.516667 0.658594 0.833333 0.918945 
frame 295: 0 0.512891 0.513889 0.655469 0.858333 0.916992 
frame 296: 0 0.513672 0.516667 0.655469 0.872222 0.919922 
frame 297: 0 0.513281 0.513889 0.654688 0.894444 0.915527 
frame 298: 0 0.5125 0.515972 0.653125 0.906944 0.925781 
frame 299: 0 0.5125 0.516667 0.653125 0.911111 0.926758 
frame 300: 0 0.512891 0.518056 0.652344 0.913889 0.913574 
frame 301: 0 0.513672 0.51875 0.655469 0.920833 0.919434 
frame 302: 0 0.523438 0.515972 0.675 0.943056 0.816406 
frame 303: 0 0.521484 0.5125 0.672656 0.938889 0.867188 
frame 304: 0 0.524219 0.510417 0.676562 0.934722 0.856934 
frame 305: 0 0.523438 0.509722 0.673437 0.936111 0.849121 
frame 306: 0 0.524609 0.507639 0.674219 0.926389 0.841309 
frame 307: 0 0.523438 0.505556 0.675 0.913889 0.849609 
frame 308: 0 0.523047 0.499306 0.672656 0.901389 0.819336 
frame 309: 0 0.520312 0.497917 0.667188 0.895833 0.844727 
frame 310: 0 0.492188 0.495833 0.60625 0.891667 0.898926 
frame 311: 0 0.492969 0.491667 0.604688 0.883333 0.907715 
frame 312: 0 0.492969 0.490278 0.60625 0.863889 0.901367 
frame 313: 0 0.49375 0.4875 0.60625 0.855556 0.92041 
frame 314: 0 0.495313 0.488194 0.609375 0.843056 0.892578 
frame 315: 0 0.494922 0.486111 0.608594 0.833333 0.907227 
frame 316: 0 0.517187 0.486111 0.653125 0.833333 0.916504 
frame 317: 0 0.514063 0.488194 0.64375 0.809722 0.921875 
frame 318: 0 0.514844 0.483333 0.65 0.802778 0.93457 
frame 319: 0 0.516406 0.495139 0.65625 0.756944 0.912598 
frame 320: 0 0.513281 0.495833 0.64375 0.741667 0.885254 
frame 321: 0 0.515625 0.496528 0.654688 0.726389 0.901367 
frame 322: 0 0.513672 0.488889 0.658594 0.722222 0.928711 
frame 323: 0 0.513672 0.494444 0.661719 0.688889 0.90918 
frame 324: 0 0.517187 0.5 0.665625 0.65 0.830078 
frame 325: 0 0.515625 0.503472 0.667188 0.623611 0.880859 
frame 326: 0 0.515234 0.514583 0.666406 0.590278 0.916504 
frame 327: 0 0.514063 0.520139 0.66875 0.576389 0.884277 
frame 328: 0 0.514844 0.53125 0.671875 0.565278 0.890625 
frame 329: 0 0.5125 0.542361 0.670313 0.551389 0.837891 
frame 330: 0 0.510938 0.555556 0.673437 0.552778 0.817383 
frame 331: 0 0.514453 0.654167 0.669531 0.583333 0.846191 
frame 332: 0 0.513281 0.644444 0.671875 0.583333 0.877441 
frame 333: 0 0.512891 0.634722 0.671094 0.611111 0.864746 
frame 334: 0 0.5125 0.622917 0.66875 0.634722 0.858398 
frame 335: 0 0.512109 0.604861 0.674219 0.651389 0.831543 
frame 336: 0 0.513281 0.60625 0.675 0.665278 0.805176 
frame 337: 0 0.514063 0.577083 0.676562 0.631944 0.810059 
frame 338: 0 0.514453 0.574306 0.675781 0.623611 0.804199 
frame 339: 0 0.515625 0.559722 0.671875 0.588889 0.808594 
frame 340: 0 0.514844 0.561111 0.670313 0.588889 0.842285 
frame 341: 0 0.514844 0.560417 0.673437 0.584722 0.82959 
frame 342: 0 0.514844 0.559722 0.670313 0.580556 0.809082 
frame 343: 0 0.513281 0.565972 0.66875 0.565278 0.852051 
frame 344: 0 0.514063 0.564583 0.667188 0.573611 0.869141 
frame 345: 0 0.513281 0.567361 0.670313 0.570833 0.881348 
frame 346: 0 0.517969 0.564583 0.660937 0.568056 0.873047 
frame 347: 0 0.51875 0.563889 0.659375 0.572222 0.852051 
frame 348: 0 0.519531 0.563889 0.657812 0.572222 0.845703 
frame 349: 0 0.521094 0.561806 0.651563 0.568056 0.900391 
frame 350: 0 0.520703 0.563194 0.646094 0.570833 0.902344 
frame 351: 0 0.520312 0.567361 0.640625 0.548611 0.905273 
frame 352: 0 0.520703 0.560417 0.639844 0.565278 0.903809 
frame 353: 0 0.525781 0.554167 0.635938 0.569444 0.92041 
frame 354: 0 0.526563 0.555556 0.628125 0.566667 0.925293 
frame 355: 0 0.528125 0.554167 0.625 0.563889 0.88916 
frame 356: 0 0.528906 0.553472 0.61875 0.551389 0.92627 
frame 357: 0 0.530469 0.557639 0.615625 0.540278 0.930664 
frame 358: 0 0.532422 0.556944 0.608594 0.536111 0.919922 
frame 359: 0 0.536719 0.55625 0.6 0.5375 0.893555 
frame 360: 0 0.538672 0.55625 0.594531 0.534722 0.905762 
frame 361: 0 0.541406 0.556944 0.592188 0.530556 0.918457 
frame 362: 0 0.54375 0.560417 0.5875 0.529167 0.938477 
frame 363: 0 0.545703 0.561806 0.582031 0.526389 0.939453 
frame 364: 0 0.55 0.561111 0.575 0.522222 0.938477 
frame 365: 0 0.552344 0.560417 0.56875 0.523611 0.935059 
frame 366: 0 0.551953 0.554167 0.557031 0.530556 0.937012 
frame 367: 0 0.554688 0.554861 0.546875 0.526389 0.939941 
frame 368: 0 0.559375 0.554861 0.5375 0.523611 0.9375 
frame 369: 0 0.563281 0.554167 0.529688 0.519444 0.943848 
frame 370: 0 0.565625 0.554167 0.521875 0.516667 0.941406 
frame 371: 0 0.570312 0.552778 0.514063 0.511111 0.931152 
frame 372: 0 0.573828 0.552083 0.507031 0.5125 0.928223 
frame 373: 0 0.575781 0.549306 0.5 0.5125 0.932129 
frame 374: 0 0.579687 0.548611 0.496875 0.513889 0.926758 
frame 375: 0 0.582422 0.547222 0.488281 0.513889 0.925293 
frame 376: 0 0.584766 0.546528 0.483594 0.515278 0.922363 
frame 377: 0 0.5875 0.544444 0.478125 0.516667 0.935059 
frame 378: 0 0.588672 0.543056 0.472656 0.519444 0.937012 
frame 379: 0 0.590234 0.541667 0.469531 0.519444 0.937012 
frame 380: 0 0.592188 0.540278 0.465625 0.522222 0.934082 
frame 381: 0 0.59375 0.536806 0.4625 0.523611 0.933594 
frame 382: 0 0.594531 0.534028 0.457812 0.523611 0.936523 
frame 383: 0 0.595703 0.53125 0.453906 0.520833 0.936523 
frame 384: 0 0.597266 0.530556 0.450781 0.516667 0.935547 
frame 385: 0 0.598828 0.529861 0.447656 0.518056 0.930176 
frame 386: 0 0.599219 0.527778 0.445312 0.516667 0.930176 
frame 387: 0 0.599609 0.528472 0.442969 0.515278 0.932129 
frame 388: 0 0.600781 0.527778 0.440625 0.516667 0.931641 
frame 389: 0 0.602344 0.526389 0.4375 0.519444 0.930176 
frame 390: 0 0.602734 0.525 0.433594 0.522222 0.936035 
frame 391: 0 0.604297 0.525694 0.432031 0.526389 0.932617 
frame 392: 0 0.60625 0.522917 0.428125 0.531944 0.931152 
frame 393: 0 0.607422 0.520139 0.422656 0.540278 0.933594 
frame 394: 0 0.608203 0.519444 0.419531 0.544444 0.935059 
frame 395: 0 0.610156 0.516667 0.417188 0.55 0.934082 
frame 396: 0 0.611719 0.514583 0.414062 0.559722 0.933105 
frame 397: 0 0.612109 0.510417 0.413281 0.573611 0.941406 
frame 398: 0 0.613281 0.511111 0.410937 0.575 0.935059 
frame 399: 0 0.613281 0.509028 0.409375 0.581944 0.93457 
frame 400: 0 0.614062 0.511806 0.409375 0.579167 0.926758 
frame 401: 0 0.612891 0.511806 0.407031 0.5875 0.937988 
frame 402: 0 0.612891 0.51875 0.407031 0.584722 0.941406 
frame 403: 0 0.613281 0.522222 0.407813 0.583333 0.938477 
frame 404: 0 0.613281 0.53125 0.409375 0.5875 0.940918 
frame 405: 0 0.611719 0.538889 0.407813 0.602778 0.933105 
frame 406: 0 0.611719 0.552778 0.409375 0.605556 0.937012 
frame 407: 0 0.610937 0.565278 0.409375 0.608333 0.932129 
frame 408: 0 0.611719 0.579861 0.410937 0.606944 0.931152 
frame 409: 0 0.611719 0.5875 0.4125 0.608333 0.931641 
frame 410: 0 0.6125 0.599306 0.415625 0.606944 0.934082 
frame 411: 0 0.6125 0.605556 0.417188 0.611111 0.938477 
frame 412: 0 0.613281 0.611806 0.420312 0.609722 0.937988 
frame 413: 0 0.614844 0.616667 0.423438 0.616667 0.930664 
frame 414: 0 0.614844 0.619444 0.425 0.616667 0.933594 
frame 415: 0 0.614844 0.622222 0.426562 0.619444 0.933105 
frame 416: 0 0.615625 0.620139 0.428125 0.609722 0.936035 
frame 417: 0 0.615234 0.621528 0.428906 0.604167 0.933594 
frame 418: 0 0.614844 0.619444 0.428125 0.594444 0.937012 
frame 419: 0 0.614844 0.618056 0.429688 0.591667 0.938477 
frame 420: 0 0.614453 0.616667 0.428906 0.588889 0.943359 
frame 421: 0 0.614062 0.618056 0.428125 0.586111 0.941895 
frame 422: 0 0.614062 0.618056 0.428125 0.575 0.944336 
frame 423: 0 0.613672 0.616667 0.427344 0.569444 0.941895 
frame 424: 0 0.6125 0.617361 0.425 0.5625 0.942383 
frame 425: 0 0.611719 0.617361 0.423438 0.559722 0.943359 
frame 426: 0 0.610547 0.615278 0.424219 0.547222 0.9375 
frame 427: 0 0.609375 0.613889 0.421875 0.538889 0.940918 
frame 428: 0 0.608594 0.614583 0.421875 0.531944 0.944336 
frame 429: 0 0.607031 0.614583 0.423438 0.526389 0.943359 
frame 430: 0 0.605859 0.616667 0.422656 0.516667 0.943359 
frame 431: 0 0.605469 0.617361 0.423438 0.506944 0.938965 
frame 432: 0 0.605469 0.620833 0.421875 0.491667 0.935059 
frame 433: 0 0.604688 0.620833 0.420312 0.483333 0.940918 
frame 434: 0 0.603125 0.622917 0.421875 0.473611 0.931152 
frame 435: 0 0.602344 0.624306 0.420312 0.468056 0.934082 
frame 436: 0 0.603125 0.621528 0.41875 0.470833 0.936035 
frame 437: 0 0.602344 0.620139 0.41875 0.468056 0.932129 
frame 438: 0 0.601953 0.615278 0.419531 0.469444 0.924316 
frame 439: 0 0.602344 0.607639 0.414062 0.473611 0.924316 
frame 440: 0 0.602344 0.603472 0.417188 0.479167 0.915039 
frame 441: 0 0.602344 0.595833 0.415625 0.491667 0.89502 
frame 442: 0 0.602734 0.586111 0.416406 0.505556 0.874023 
frame 443: 0 0.602734 0.572222 0.419531 0.533333 0.900879 
frame 444: 0 0.602344 0.563194 0.41875 0.554167 0.91748 
frame 445: 0 0.601562 0.550694 0.415625 0.5875 0.926758 
frame 446: 0 0.601562 0.544444 0.414062 0.605556 0.922363 
frame 447: 0 0.600781 0.543056 0.4125 0.613889 0.93457 
frame 448: 0 0.599219 0.541667 0.414062 0.622222 0.938477 
frame 449: 0 0.599219 0.536111 0.414062 0.633333 0.944824 
frame 450: 0 0.596094 0.534722 0.410937 0.636111 0.939453 
frame 451: 0 0.595703 0.538889 0.421094 0.627778 0.939453 
frame 452: 0 0.594531 0.542361 0.429688 0.623611 0.936035 
frame 453: 0 0.591016 0.547917 0.430469 0.615278 0.925293 
frame 454: 0 0.589453 0.557639 0.436719 0.601389 0.891602 
frame 455: 0 0.584375 0.561806 0.44375 0.598611 0.909668 
frame 456: 0 0.582031 0.568056 0.451562 0.591667 0.900391 
frame 457: 0 0.577344 0.577778 0.457812 0.583333 0.929199 
frame 458: 0 0.572656 0.597917 0.465625 0.573611 0.923828 
frame 459: 0 0.567578 0.608333 0.477344 0.588889 0.880371 
frame 460: 0 0.561719 0.627778 0.485938 0.594444 0.894043 
frame 461: 0 0.557031 0.629861 0.495313 0.631944 0.915039 
frame 462: 0 0.551172 0.640972 0.505469 0.645833 0.922363 
frame 463: 0 0.545703 0.649306 0.522656 0.6625 0.936523 
frame 464: 0 0.539062 0.654167 0.534375 0.672222 0.9375 
frame 465: 0 0.532031 0.654861 0.54375 0.679167 0.946777 
frame 466: 0 0.523438 0.656944 0.554688 0.680556 0.946777 
frame 467: 0 0.517187 0.65625 0.565625 0.679167 0.95166 
frame 468: 0 0.510156 0.65625 0.579687 0.679167 0.945801 
frame 469: 0 0.507812 0.657639 0.585938 0.673611 0.947266 
frame 470: 0 0.499219 0.65625 0.604688 0.670833 0.941895 
frame 471: 0 0.496484 0.657639 0.613281 0.668056 0.946777 
frame 472: 0 0.492188 0.653472 0.623438 0.673611 0.946289 
frame 473: 0 0.487109 0.657639 0.628906 0.659722 0.944824 
frame 474: 0 0.481641 0.65625 0.628906 0.654167 0.946777 
frame 475: 0 0.479297 0.656944 0.635156 0.652778 0.945312 
frame 476: 0 0.477344 0.659722 0.64375 0.636111 0.946777 
frame 477: 0 0.475781 0.658333 0.651563 0.622222 0.944336 
frame 478: 0 0.475 0.653472 0.654688 0.618056 0.936035 
frame 479: 0 0.473828 0.65 0.657031 0.611111 0.931641 
frame 480: 0 0.471875 0.641667 0.660937 0.605556 0.907715 
frame 481: 0 0.470703 0.6375 0.664844 0.6 0.88623 
frame 482: 0 0.31875 0.602778 0.36875 0.561111 0.82959 
frame 483: 0 0.316016 0.608333 0.367969 0.572222 0.854004 
frame 484: 0 0.316016 0.5875 0.369531 0.541667 0.837402 
frame 485: 0 0.467187 0.566667 0.678125 0.561111 0.885254 
frame 486: 0 0.46875 0.54375 0.675 0.576389 0.810059 
frame 487: 0 0.469531 0.544444 0.671875 0.594444 0.841797 
frame 488: 0 0.470313 0.554167 0.675 0.613889 0.848633 
frame 489: 0 0.473828 0.540278 0.667969 0.613889 0.835449 
frame 490: 0 0.475781 0.534028 0.667188 0.604167 0.865234 
frame 491: 0 0.476562 0.539583 0.6625 0.6125 0.904297 
frame 492: 0 0.478125 0.542361 0.6625 0.618056 0.910156 
frame 493: 0 0.478906 0.543056 0.660937 0.613889 0.90625 
frame 494: 0 0.478906 0.545139 0.664062 0.609722 0.897461 
frame 495: 0 0.478516 0.549306 0.661719 0.598611 0.884277 
frame 496: 0 0.477734 0.552083 0.660156 0.595833 0.818359 
frame 497: 0 0.476562 0.554167 0.659375 0.597222 0.857422 
