frame 1: 0 0.492188 0.613889 0.223958 0.698148 0.941406 
frame 2: 0 0.490625 0.612037 0.228125 0.701852 0.942383 
frame 3: 0 0.488802 0.608796 0.232812 0.708333 0.943359 
frame 4: 0 0.484375 0.606019 0.239583 0.713889 0.950684 
frame 5: 0 0.477604 0.602778 0.253125 0.72037 0.953125 
frame 6: 0 0.469531 0.595833 0.269271 0.726852 0.950684 
frame 7: 0 0.463281 0.589815 0.281771 0.737037 0.94873 
frame 8: 0 0.454948 0.583796 0.299479 0.749074 0.943359 
frame 9: 0 0.447656 0.575926 0.311979 0.762963 0.950195 
frame 10: 0 0.441406 0.568981 0.325521 0.778704 0.957031 
frame 11: 0 0.433594 0.562037 0.334896 0.792593 0.95752 
frame 12: 0 0.423958 0.555093 0.340625 0.80463 0.955566 
frame 13: 0 0.411198 0.545833 0.335938 0.812037 0.955566 
frame 14: 0 0.396094 0.5375 0.331771 0.823148 0.953613 
frame 15: 0 0.383854 0.532407 0.323958 0.835185 0.955078 
frame 16: 0 0.371354 0.525463 0.310417 0.850926 0.955078 
frame 17: 0 0.360417 0.52037 0.303125 0.866667 0.955078 
frame 18: 0 0.348958 0.515741 0.2875 0.875926 0.945801 
frame 19: 0 0.342969 0.5125 0.279687 0.886111 0.948242 
frame 20: 0 0.341927 0.508333 0.275521 0.898148 0.945312 
frame 21: 0 0.341667 0.505093 0.272917 0.902778 0.943848 
frame 22: 0 0.342448 0.503241 0.267188 0.908333 0.938477 
frame 23: 0 0.345313 0.502778 0.258333 0.914815 0.926758 
frame 24: 0 0.348177 0.506019 0.255729 0.919444 0.918457 
frame 25: 0 0.35651 0.506019 0.251563 0.926852 0.942871 
frame 26: 0 0.364062 0.508333 0.24375 0.924074 0.946777 
frame 27: 0 0.372656 0.508333 0.235938 0.927778 0.947266 
frame 28: 0 0.379687 0.507407 0.227083 0.92963 0.942871 
frame 29: 0 0.384896 0.506944 0.217708 0.928704 0.939941 
frame 30: 0 0.390104 0.510648 0.207292 0.928704 0.936035 
frame 31: 0 0.396354 0.509259 0.196875 0.924074 0.927734 
frame 32: 0 0.402865 0.511111 0.185937 0.925926 0.921387 
frame 33: 0 0.404948 0.5125 0.181771 0.925 0.929688 
frame 34: 0 0.403906 0.514352 0.183854 0.923148 0.925781 
frame 35: 0 0.39974 0.516204 0.189063 0.919444 0.928223 
frame 36: 0 0.396094 0.518056 0.191146 0.915741 0.934082 
frame 37: 0 0.391406 0.520833 0.195312 0.912037 0.938477 
frame 38: 0 0.376823 0.524537 0.218229 0.908333 0.936523 
frame 39: 0 0.364844 0.525926 0.239063 0.903704 0.931152 
frame 40: 0 0.357292 0.530556 0.25 0.901852 0.938477 
frame 41: 0 0.351302 0.537963 0.255729 0.896296 0.941895 
frame 42: 0 0.34401 0.543519 0.260938 0.887037 0.945801 
frame 43: 0 0.338802 0.548148 0.261979 0.888889 0.942871 
frame 44: 0 0.336719 0.555093 0.254687 0.882407 0.940918 
frame 45: 0 0.331771 0.560185 0.246875 0.872222 0.939453 
frame 46: 0 0.327083 0.566204 0.24375 0.862037 0.940918 
frame 47: 0 0.323438 0.568981 0.242708 0.856481 0.942871 
frame 48: 0 0.323438 0.572685 0.242708 0.850926 0.943848 
frame 49: 0 0.322135 0.576389 0.246354 0.841667 0.944336 
frame 50: 0 0.321615 0.580556 0.246354 0.827778 0.946289 
frame 51: 0 0.321094 0.583333 0.248437 0.818519 0.943848 
frame 52: 0 0.320833 0.587963 0.247917 0.809259 0.945312 
frame 53: 0 0.321615 0.592593 0.246354 0.803704 0.946777 
frame 54: 0 0.318229 0.597685 0.251042 0.791667 0.950195 
frame 55: 0 0.31276 0.601852 0.264062 0.785185 0.954102 
frame 56: 0 0.30651 0.60463 0.276563 0.775926 0.952637 
frame 57: 0 0.29974 0.609259 0.290104 0.768519 0.952148 
frame 58: 0 0.293229 0.612963 0.301042 0.755556 0.95459 
frame 59: 0 0.2875 0.618056 0.314583 0.749074 0.955078 
frame 60: 0 0.283073 0.622222 0.320312 0.740741 0.956055 
frame 61: 0 0.279687 0.626852 0.327083 0.731481 0.952637 
frame 62: 0 0.27526 0.631481 0.335938 0.722222 0.95166 
frame 63: 0 0.272656 0.636111 0.342187 0.716667 0.954102 
frame 64: 0 0.270312 0.640741 0.346875 0.711111 0.956055 
frame 65: 0 0.26849 0.644444 0.349479 0.703704 0.95752 
frame 66: 0 0.267448 0.646759 0.349479 0.699074 0.958496 
frame 67: 0 0.267708 0.648611 0.35 0.691667 0.958984 
frame 68: 0 0.267708 0.649537 0.352083 0.689815 0.959961 
frame 69: 0 0.269792 0.65 0.35 0.690741 0.958496 
frame 70: 0 0.273958 0.649537 0.34375 0.693519 0.95166 
frame 71: 0 0.278125 0.647222 0.335417 0.698148 0.947754 
frame 72: 0 0.284896 0.64213 0.321875 0.708333 0.945312 
frame 73: 0 0.294531 0.637037 0.305729 0.718518 0.950195 
frame 74: 0 0.305729 0.631481 0.283333 0.72963 0.949707 
frame 75: 0 0.317708 0.623611 0.261458 0.741667 0.945801 
frame 76: 0 0.32474 0.616204 0.250521 0.758333 0.942383 
frame 77: 0 0.330469 0.60787 0.252604 0.773148 0.947266 
frame 78: 0 0.336458 0.599537 0.258333 0.789815 0.948242 
frame 79: 0 0.342448 0.587963 0.260938 0.807407 0.94043 
frame 80: 0 0.351562 0.578241 0.265625 0.825 0.942871 
frame 81: 0 0.367188 0.570833 0.273958 0.841667 0.958008 
frame 82: 0 0.38151 0.5625 0.277604 0.847222 0.94873 
frame 83: 0 0.399219 0.552778 0.271354 0.861111 0.950195 
frame 84: 0 0.413542 0.54537 0.26875 0.868519 0.95166 
frame 85: 0 0.427344 0.535648 0.255729 0.878704 0.947754 
frame 86: 0 0.4375 0.528241 0.245833 0.891667 0.946777 
frame 87: 0 0.446094 0.522222 0.238021 0.9 0.950195 
frame 88: 0 0.447656 0.518056 0.235938 0.908333 0.948242 
frame 89: 0 0.448177 0.513889 0.231771 0.914815 0.946289 
frame 90: 0 0.447656 0.510185 0.227604 0.92037 0.941406 
frame 91: 0 0.446875 0.509722 0.221875 0.926852 0.938965 
frame 92: 0 0.444531 0.508796 0.214062 0.932407 0.940918 
frame 93: 0 0.442708 0.508796 0.20625 0.934259 0.94043 
frame 94: 0 0.439063 0.509259 0.198958 0.937037 0.94043 
frame 95: 0 0.434896 0.510648 0.190625 0.939815 0.939453 
frame 96: 0 0.429167 0.509259 0.18125 0.944444 0.940918 
frame 97: 0 0.422656 0.509259 0.176563 0.944444 0.938477 
frame 98: 0 0.415625 0.512037 0.16875 0.942593 0.939941 
frame 99: 0 0.408594 0.510648 0.161979 0.941667 0.932129 
frame 100: 0 0.403646 0.510185 0.157292 0.942593 0.924316 
frame 101: 0 0.401042 0.510648 0.158333 0.937963 0.914551 
frame 102: 0 0.40026 0.511574 0.157813 0.937963 0.911133 
frame 103: 0 0.4 0.513889 0.158333 0.940741 0.912109 
frame 104: 0 0.400781 0.514815 0.157813 0.944444 0.916016 
frame 105: 0 0.402083 0.517593 0.159375 0.95 0.922852 
frame 106: 0 0.404687 0.518056 0.1625 0.949074 0.927246 
frame 107: 0 0.408333 0.519444 0.16875 0.95 0.932617 
frame 108: 0 0.413542 0.519907 0.177083 0.94537 0.936523 
frame 109: 0 0.41849 0.520833 0.184896 0.94537 0.937012 
frame 110: 0 0.423177 0.520833 0.193229 0.947222 0.941406 
frame 111: 0 0.426302 0.521296 0.198437 0.946296 0.944336 
frame 112: 0 0.430208 0.521296 0.20625 0.942593 0.945312 
frame 113: 0 0.434375 0.522222 0.214583 0.944444 0.945801 
frame 114: 0 0.436719 0.523148 0.218229 0.946296 0.944824 
frame 115: 0 0.438281 0.522222 0.223438 0.946296 0.946289 
frame 116: 0 0.440365 0.52037 0.229687 0.942593 0.949219 
frame 117: 0 0.439844 0.520833 0.233854 0.94537 0.949707 
