frame 1: 0 0.709375 0.496875 0.565625 0.99375 0.927734 
frame 2: 0 0.714063 0.498958 0.565625 0.997917 0.948242 0 0.363281 0.408333 0.185937 0.370833 0.818359 
frame 3: 0 0.690625 0.498958 0.59375 0.997917 0.945801 
frame 4: 0 0.682031 0.497917 0.614062 0.995833 0.944336 
frame 5: 0 0.682813 0.497917 0.596875 0.995833 0.90332 
frame 6: 0 0.65625 0.496875 0.590625 0.99375 0.916992 
frame 7: 0 0.575 0.497917 0.5625 0.995833 0.937012 
frame 8: 0 0.45625 0.496875 0.5 0.99375 0.930176 
frame 9: 0 0.403906 0.497917 0.510938 0.995833 0.92627 
frame 10: 0 0.339063 0.5 0.559375 1 0.876465 
frame 11: 0 0.333594 0.502083 0.545313 0.995833 0.921387 
frame 12: 0 0.307031 0.502083 0.598437 0.995833 0.913574 
frame 13: 0 0.301562 0.498958 0.603125 0.99375 0.895508 
frame 14: 0 0.307031 0.5 0.595312 1 0.912598 
frame 15: 0 0.31875 0.501042 0.575 0.997917 0.918457 
