frame 1: 0 0.413281 0.5 0.601562 1 0.915039 
frame 2: 0 0.423438 0.5 0.603125 1 0.890137 
frame 3: 0 0.43125 0.497917 0.603125 0.995833 0.932129 
frame 4: 0 0.445312 0.5 0.578125 1 0.90625 
frame 5: 0 0.460938 0.5 0.55625 1 0.940918 
frame 6: 0 0.473437 0.498958 0.534375 0.997917 0.941406 
frame 7: 0 0.482812 0.5 0.515625 1 0.946289 
frame 8: 0 0.486719 0.498958 0.507812 0.997917 0.947754 
frame 9: 0 0.4875 0.5 0.503125 0.991667 0.949219 
frame 10: 0 0.489062 0.503125 0.496875 0.989583 0.94873 
frame 11: 0 0.489062 0.505208 0.490625 0.989583 0.948242 
frame 12: 0 0.489062 0.505208 0.484375 0.989583 0.949219 
frame 13: 0 0.4875 0.502083 0.478125 0.995833 0.952148 
frame 14: 0 0.485938 0.5 0.471875 1 0.95166 
frame 15: 0 0.480469 0.5 0.464063 1 0.953125 
frame 16: 0 0.475 0.498958 0.45 0.997917 0.952637 
frame 17: 0 0.471094 0.501042 0.439063 0.997917 0.956055 
frame 18: 0 0.4625 0.507292 0.428125 0.985417 0.958496 
frame 19: 0 0.455469 0.498958 0.417188 0.997917 0.956055 
frame 20: 0 0.448438 0.5 0.403125 0.991667 0.95459 
frame 21: 0 0.445312 0.497917 0.39375 0.991667 0.957031 
frame 22: 0 0.440625 0.498958 0.384375 0.99375 0.959473 
frame 23: 0 0.436719 0.497917 0.376563 0.995833 0.957031 
frame 24: 0 0.434375 0.498958 0.36875 0.997917 0.956055 
frame 25: 0 0.433594 0.497917 0.364062 0.995833 0.957031 
frame 26: 0 0.434375 0.5 0.35625 0.995833 0.956543 
frame 27: 0 0.433594 0.5 0.351562 0.995833 0.95752 
frame 28: 0 0.435937 0.498958 0.346875 0.99375 0.95752 
frame 29: 0 0.4375 0.498958 0.34375 0.99375 0.95752 
frame 30: 0 0.440625 0.498958 0.340625 0.99375 0.957031 
frame 31: 0 0.442969 0.498958 0.339063 0.99375 0.956543 
frame 32: 0 0.446875 0.498958 0.3375 0.99375 0.957031 
frame 33: 0 0.450781 0.5 0.332812 0.995833 0.956055 
frame 34: 0 0.455469 0.501042 0.329688 0.997917 0.95752 
frame 35: 0 0.459375 0.5 0.325 1 0.958984 
frame 36: 0 0.464063 0.5 0.321875 1 0.958984 
frame 37: 0 0.469531 0.5 0.320312 1 0.956055 
frame 38: 0 0.475781 0.5 0.317187 1 0.954102 
frame 39: 0 0.482031 0.5 0.310937 1 0.956543 
frame 40: 0 0.488281 0.5 0.307813 1 0.957031 
frame 41: 0 0.492969 0.5 0.304688 1 0.957031 
frame 42: 0 0.497656 0.5 0.301562 1 0.955078 
frame 43: 0 0.5 0.5 0.3 1 0.95459 
frame 44: 0 0.502344 0.501042 0.295312 0.997917 0.956055 
frame 45: 0 0.504687 0.5 0.296875 1 0.957031 
frame 46: 0 0.507031 0.5 0.295312 1 0.95752 
frame 47: 0 0.507812 0.5 0.296875 1 0.958008 
frame 48: 0 0.508594 0.5 0.295312 1 0.95752 
frame 49: 0 0.508594 0.5 0.295312 1 0.956055 
frame 50: 0 0.507812 0.5 0.296875 1 0.956543 
frame 51: 0 0.507031 0.5 0.295312 1 0.956055 
frame 52: 0 0.50625 0.5 0.29375 1 0.955566 
frame 53: 0 0.504687 0.5 0.290625 1 0.954102 
frame 54: 0 0.501562 0.5 0.29375 1 0.951172 
frame 55: 0 0.500781 0.5 0.292188 1 0.952148 
frame 56: 0 0.498437 0.5 0.290625 1 0.952637 
frame 57: 0 0.496875 0.5 0.2875 1 0.953125 
frame 58: 0 0.494531 0.5 0.285937 1 0.95459 
frame 59: 0 0.492188 0.5 0.284375 1 0.956055 
frame 60: 0 0.489844 0.5 0.285937 1 0.956055 
frame 61: 0 0.4875 0.5 0.284375 1 0.956055 
frame 62: 0 0.485156 0.5 0.282813 1 0.955566 
frame 63: 0 0.482031 0.501042 0.282813 0.997917 0.95459 
frame 64: 0 0.478125 0.501042 0.28125 0.997917 0.953125 
frame 65: 0 0.475 0.501042 0.28125 0.997917 0.954102 
frame 66: 0 0.471094 0.5 0.279687 1 0.952148 
frame 67: 0 0.467969 0.501042 0.279687 0.997917 0.953125 
frame 68: 0 0.464063 0.5 0.278125 1 0.954102 
frame 69: 0 0.460938 0.5 0.278125 1 0.953125 
frame 70: 0 0.458594 0.5 0.273438 1 0.953613 
frame 71: 0 0.455469 0.5 0.273438 1 0.95166 
frame 72: 0 0.453125 0.5 0.271875 1 0.949219 
frame 73: 0 0.451562 0.5 0.271875 1 0.946289 
frame 74: 0 0.449219 0.5 0.270312 1 0.947754 
frame 75: 0 0.447656 0.5 0.270312 1 0.948242 
frame 76: 0 0.446875 0.5 0.271875 1 0.94873 
frame 77: 0 0.446875 0.5 0.275 1 0.947754 
frame 78: 0 0.447656 0.5 0.279687 1 0.943848 
frame 79: 0 0.446094 0.5 0.273438 1 0.950684 
frame 80: 0 0.446875 0.5 0.275 1 0.950195 
frame 81: 0 0.447656 0.5 0.273438 1 0.950195 
frame 82: 0 0.45 0.5 0.275 1 0.950195 
frame 83: 0 0.452344 0.498958 0.276563 0.997917 0.946777 
frame 84: 0 0.45625 0.497917 0.28125 0.995833 0.949219 
frame 85: 0 0.460156 0.496875 0.279687 0.99375 0.949219 
frame 86: 0 0.463281 0.496875 0.279687 0.99375 0.949219 
frame 87: 0 0.466406 0.497917 0.276563 0.991667 0.948242 
frame 88: 0 0.46875 0.498958 0.275 0.99375 0.950684 
frame 89: 0 0.474219 0.495833 0.267188 0.991667 0.953125 
frame 90: 0 0.478125 0.497917 0.265625 0.995833 0.953125 
frame 91: 0 0.485156 0.497917 0.267188 0.995833 0.955566 
frame 92: 0 0.492188 0.497917 0.265625 0.995833 0.955566 
frame 93: 0 0.498437 0.496875 0.2625 0.99375 0.952637 
frame 94: 0 0.50625 0.497917 0.2625 0.995833 0.955078 
frame 95: 0 0.513281 0.497917 0.264062 0.995833 0.956055 
frame 96: 0 0.519531 0.497917 0.264062 0.995833 0.955566 
frame 97: 0 0.525 0.497917 0.26875 0.995833 0.947266 
frame 98: 0 0.529688 0.495833 0.271875 0.991667 0.943359 
frame 99: 0 0.533594 0.496875 0.279687 0.99375 0.938965 
frame 100: 0 0.5375 0.495833 0.28125 0.991667 0.937988 
frame 101: 0 0.542969 0.495833 0.279687 0.991667 0.938965 
frame 102: 0 0.547656 0.496875 0.279687 0.99375 0.945801 
frame 103: 0 0.552344 0.495833 0.279687 0.991667 0.94873 
frame 104: 0 0.553906 0.495833 0.282813 0.991667 0.947266 
frame 105: 0 0.559375 0.494792 0.271875 0.989583 0.950195 
frame 106: 0 0.560938 0.491667 0.271875 0.983333 0.952637 
frame 107: 0 0.5625 0.491667 0.271875 0.983333 0.954102 
frame 108: 0 0.563281 0.489583 0.270312 0.979167 0.956055 
frame 109: 0 0.563281 0.4875 0.270312 0.975 0.955566 
frame 110: 0 0.561719 0.488542 0.273438 0.977083 0.956055 
frame 111: 0 0.560156 0.488542 0.279687 0.977083 0.956543 
frame 112: 0 0.558594 0.488542 0.292188 0.977083 0.956055 
frame 113: 0 0.557813 0.488542 0.3125 0.977083 0.95752 
frame 114: 0 0.555469 0.4875 0.335938 0.975 0.95752 
frame 115: 0 0.555469 0.4875 0.376563 0.975 0.958008 
frame 116: 0 0.553125 0.486458 0.4125 0.972917 0.95459 
frame 117: 0 0.55 0.4875 0.45 0.975 0.943848 
frame 118: 0 0.547656 0.4875 0.489062 0.975 0.946777 
frame 119: 0 0.546875 0.488542 0.5125 0.96875 0.947266 
frame 120: 0 0.544531 0.4875 0.554688 0.966667 0.943359 
frame 121: 0 0.544531 0.486458 0.573438 0.96875 0.938477 
frame 122: 0 0.522656 0.485417 0.639063 0.970833 0.936523 
frame 123: 0 0.515625 0.486458 0.65 0.96875 0.919434 
frame 124: 0 0.521875 0.4875 0.653125 0.970833 0.944336 
frame 125: 0 0.525 0.485417 0.65 0.970833 0.937988 
frame 126: 0 0.525781 0.4875 0.648438 0.975 0.935547 
frame 127: 0 0.522656 0.4875 0.657812 0.975 0.926758 
frame 128: 0 0.517969 0.486458 0.667188 0.972917 0.921387 
frame 129: 0 0.514063 0.486458 0.678125 0.972917 0.909668 
frame 130: 0 0.515625 0.486458 0.675 0.972917 0.906738 
frame 131: 0 0.515625 0.4875 0.68125 0.975 0.909668 
frame 132: 0 0.514063 0.486458 0.684375 0.972917 0.910156 
frame 133: 0 0.513281 0.485417 0.689062 0.970833 0.895996 
frame 134: 0 0.513281 0.483333 0.685938 0.966667 0.88916 
frame 135: 0 0.514063 0.483333 0.684375 0.966667 0.887207 
frame 136: 0 0.513281 0.483333 0.682813 0.966667 0.893066 
frame 137: 0 0.511719 0.483333 0.682813 0.966667 0.902832 
frame 138: 0 0.5125 0.483333 0.675 0.966667 0.895996 
frame 139: 0 0.514844 0.483333 0.667188 0.966667 0.903809 
frame 140: 0 0.516406 0.483333 0.670313 0.966667 0.907715 
frame 141: 0 0.516406 0.483333 0.670313 0.966667 0.912598 
frame 142: 0 0.523438 0.483333 0.646875 0.966667 0.926758 
frame 143: 0 0.525781 0.483333 0.635938 0.966667 0.938477 
frame 144: 0 0.525 0.482292 0.625 0.964583 0.94043 
frame 145: 0 0.525781 0.48125 0.610937 0.958333 0.945312 
frame 146: 0 0.528125 0.48125 0.60625 0.9625 0.943848 
frame 147: 0 0.527344 0.48125 0.573438 0.954167 0.947754 
frame 148: 0 0.525 0.48125 0.559375 0.954167 0.943359 
frame 149: 0 0.528906 0.48125 0.539062 0.954167 0.938965 
frame 150: 0 0.522656 0.482292 0.507812 0.95625 0.936035 
frame 151: 0 0.521875 0.483333 0.484375 0.954167 0.938477 
frame 152: 0 0.524219 0.483333 0.460938 0.958333 0.94043 
frame 153: 0 0.524219 0.483333 0.435937 0.958333 0.939941 
frame 154: 0 0.524219 0.483333 0.423438 0.958333 0.939453 
frame 155: 0 0.527344 0.483333 0.407813 0.958333 0.938477 
frame 156: 0 0.53125 0.482292 0.3875 0.95625 0.94043 
frame 157: 0 0.534375 0.483333 0.38125 0.958333 0.940918 
frame 158: 0 0.536719 0.483333 0.373437 0.958333 0.941895 
frame 159: 0 0.539844 0.482292 0.370313 0.95625 0.939941 
frame 160: 0 0.539844 0.482292 0.367188 0.95625 0.941895 
frame 161: 0 0.540625 0.482292 0.365625 0.95625 0.941406 
frame 162: 0 0.541406 0.48125 0.360938 0.9625 0.94043 
frame 163: 0 0.54375 0.480208 0.359375 0.960417 0.936035 
frame 164: 0 0.542969 0.48125 0.357812 0.9625 0.93457 
frame 165: 0 0.544531 0.48125 0.357812 0.9625 0.936035 
frame 166: 0 0.546094 0.48125 0.357812 0.9625 0.935059 
frame 167: 0 0.545313 0.48125 0.359375 0.9625 0.933105 
frame 168: 0 0.546875 0.48125 0.35625 0.9625 0.929688 
frame 169: 0 0.546094 0.48125 0.360938 0.9625 0.927246 
frame 170: 0 0.546094 0.48125 0.360938 0.9625 0.930176 
frame 171: 0 0.546094 0.48125 0.364062 0.9625 0.930664 
frame 172: 0 0.544531 0.48125 0.370313 0.9625 0.933105 
frame 173: 0 0.545313 0.482292 0.38125 0.964583 0.935059 
frame 174: 0 0.544531 0.48125 0.401563 0.9625 0.934082 
frame 175: 0 0.54375 0.482292 0.425 0.964583 0.937988 
frame 176: 0 0.541406 0.48125 0.460938 0.9625 0.939941 
frame 177: 0 0.548437 0.48125 0.490625 0.9625 0.924805 
frame 178: 0 0.550781 0.482292 0.514063 0.960417 0.917969 
frame 179: 0 0.548437 0.482292 0.540625 0.960417 0.924805 
frame 180: 0 0.551562 0.482292 0.565625 0.960417 0.917969 
frame 181: 0 0.557031 0.48125 0.592188 0.954167 0.943848 
frame 182: 0 0.550781 0.482292 0.604688 0.952083 0.927246 
frame 183: 0 0.553906 0.48125 0.629687 0.954167 0.928223 
frame 184: 0 0.559375 0.483333 0.653125 0.958333 0.928223 
frame 185: 0 0.560156 0.483333 0.660937 0.9625 0.929688 
frame 186: 0 0.570312 0.483333 0.646875 0.958333 0.933594 
frame 187: 0 0.559375 0.483333 0.66875 0.958333 0.929688 
frame 188: 0 0.560938 0.482292 0.665625 0.960417 0.93457 
frame 189: 0 0.560938 0.483333 0.665625 0.958333 0.930664 
frame 190: 0 0.5625 0.482292 0.66875 0.960417 0.930664 
frame 191: 0 0.563281 0.482292 0.664062 0.960417 0.929199 
frame 192: 0 0.567187 0.483333 0.653125 0.958333 0.932617 
frame 193: 0 0.564844 0.482292 0.667188 0.960417 0.931152 
frame 194: 0 0.561719 0.482292 0.667188 0.960417 0.931641 
frame 195: 0 0.563281 0.483333 0.660937 0.958333 0.933594 
frame 196: 0 0.560938 0.483333 0.671875 0.9625 0.932129 
frame 197: 0 0.560938 0.483333 0.675 0.958333 0.933105 
frame 198: 0 0.561719 0.483333 0.673437 0.958333 0.935547 
frame 199: 0 0.560938 0.482292 0.678125 0.960417 0.932617 
frame 200: 0 0.5625 0.483333 0.66875 0.9625 0.929688 
frame 201: 0 0.557813 0.483333 0.665625 0.958333 0.928223 
frame 202: 0 0.555469 0.483333 0.648438 0.958333 0.918945 
frame 203: 0 0.539062 0.482292 0.653125 0.960417 0.916016 
frame 204: 0 0.523438 0.482292 0.653125 0.960417 0.931641 
frame 205: 0 0.542969 0.482292 0.614062 0.960417 0.938477 
frame 206: 0 0.530469 0.482292 0.598437 0.960417 0.946289 
frame 207: 0 0.540625 0.483333 0.525 0.9625 0.947266 
frame 208: 0 0.532812 0.483333 0.50625 0.9625 0.953125 
frame 209: 0 0.53125 0.483333 0.475 0.9625 0.957031 
frame 210: 0 0.525 0.48125 0.45 0.9625 0.955566 
frame 211: 0 0.521875 0.48125 0.4125 0.9625 0.951172 
frame 212: 0 0.528125 0.48125 0.371875 0.9625 0.954102 
frame 213: 0 0.532031 0.48125 0.332812 0.9625 0.954102 
frame 214: 0 0.534375 0.48125 0.3 0.9625 0.956055 
frame 215: 0 0.540625 0.48125 0.26875 0.9625 0.952148 
frame 216: 0 0.546875 0.482292 0.25 0.964583 0.945801 
frame 217: 0 0.55 0.48125 0.2375 0.9625 0.944824 
frame 218: 0 0.553906 0.48125 0.229687 0.9625 0.947266 
frame 219: 0 0.554688 0.48125 0.228125 0.9625 0.946777 
frame 220: 0 0.554688 0.48125 0.228125 0.9625 0.94873 
frame 221: 0 0.555469 0.48125 0.229687 0.9625 0.950684 
frame 222: 0 0.555469 0.483333 0.232812 0.966667 0.95166 
frame 223: 0 0.553125 0.482292 0.2375 0.964583 0.950195 
frame 224: 0 0.550781 0.482292 0.239063 0.964583 0.946289 
frame 225: 0 0.547656 0.483333 0.239063 0.966667 0.942383 
frame 226: 0 0.545313 0.483333 0.2375 0.966667 0.946289 
frame 227: 0 0.54375 0.483333 0.2375 0.966667 0.949219 
frame 228: 0 0.539844 0.482292 0.235938 0.964583 0.95166 
frame 229: 0 0.536719 0.482292 0.235938 0.964583 0.952637 
frame 230: 0 0.532812 0.483333 0.234375 0.966667 0.95166 
frame 231: 0 0.530469 0.483333 0.235938 0.966667 0.952148 
frame 232: 0 0.525 0.483333 0.234375 0.966667 0.95166 
frame 233: 0 0.520312 0.483333 0.234375 0.966667 0.952148 
frame 234: 0 0.515625 0.483333 0.234375 0.966667 0.953125 
frame 235: 0 0.513281 0.48125 0.235938 0.9625 0.95166 
frame 236: 0 0.510156 0.48125 0.235938 0.9625 0.950684 
frame 237: 0 0.508594 0.479167 0.235938 0.958333 0.948242 
frame 238: 0 0.507031 0.478125 0.235938 0.95625 0.946289 
frame 239: 0 0.505469 0.477083 0.235938 0.954167 0.943359 
frame 240: 0 0.503906 0.477083 0.239063 0.954167 0.937012 
frame 241: 0 0.503125 0.477083 0.2375 0.954167 0.929199 
frame 242: 0 0.503125 0.477083 0.240625 0.954167 0.925781 
frame 243: 0 0.502344 0.479167 0.242188 0.958333 0.927246 
frame 244: 0 0.502344 0.48125 0.245312 0.9625 0.934082 
frame 245: 0 0.503125 0.479167 0.25 0.958333 0.932129 
frame 246: 0 0.504687 0.479167 0.253125 0.958333 0.933105 
frame 247: 0 0.504687 0.479167 0.253125 0.958333 0.933594 
frame 248: 0 0.505469 0.478125 0.254687 0.95625 0.932617 
frame 249: 0 0.50625 0.477083 0.25625 0.954167 0.932617 
frame 250: 0 0.50625 0.478125 0.25625 0.95625 0.93457 
frame 251: 0 0.50625 0.479167 0.25625 0.958333 0.933105 
frame 252: 0 0.505469 0.479167 0.254687 0.958333 0.931641 
frame 253: 0 0.505469 0.479167 0.254687 0.958333 0.930176 
frame 254: 0 0.504687 0.478125 0.253125 0.95625 0.926758 
frame 255: 0 0.505469 0.479167 0.254687 0.958333 0.928223 
frame 256: 0 0.505469 0.479167 0.254687 0.958333 0.929199 
frame 257: 0 0.50625 0.479167 0.253125 0.958333 0.930176 
frame 258: 0 0.504687 0.479167 0.253125 0.958333 0.932617 
frame 259: 0 0.504687 0.479167 0.253125 0.958333 0.932129 
frame 260: 0 0.503125 0.479167 0.25 0.958333 0.929688 
frame 261: 0 0.503125 0.479167 0.24375 0.958333 0.924316 
frame 262: 0 0.501562 0.48125 0.240625 0.9625 0.924805 
frame 263: 0 0.500781 0.479167 0.239063 0.958333 0.919434 
frame 264: 0 0.501562 0.476042 0.2375 0.952083 0.90918 
frame 265: 0 0.501562 0.477083 0.234375 0.954167 0.925293 
frame 266: 0 0.503125 0.479167 0.234375 0.958333 0.937012 
frame 267: 0 0.504687 0.479167 0.234375 0.958333 0.945312 
frame 268: 0 0.50625 0.48125 0.234375 0.9625 0.948242 
frame 269: 0 0.507812 0.484375 0.234375 0.96875 0.951172 
frame 270: 0 0.510156 0.484375 0.235938 0.96875 0.95166 
frame 271: 0 0.511719 0.485417 0.235938 0.970833 0.952148 
frame 272: 0 0.514063 0.485417 0.234375 0.970833 0.953125 
frame 273: 0 0.516406 0.485417 0.235938 0.970833 0.952637 
frame 274: 0 0.51875 0.485417 0.234375 0.970833 0.952637 
frame 275: 0 0.522656 0.485417 0.235938 0.970833 0.952148 
frame 276: 0 0.527344 0.485417 0.235938 0.970833 0.952637 
frame 277: 0 0.53125 0.486458 0.2375 0.972917 0.952148 
frame 278: 0 0.532812 0.486458 0.234375 0.972917 0.952637 
frame 279: 0 0.536719 0.485417 0.235938 0.970833 0.95459 
frame 280: 0 0.539844 0.486458 0.235938 0.972917 0.953613 
frame 281: 0 0.542969 0.486458 0.235938 0.972917 0.952148 
frame 282: 0 0.546875 0.4875 0.2375 0.975 0.949707 
frame 283: 0 0.549219 0.4875 0.239063 0.975 0.949707 
frame 284: 0 0.551562 0.486458 0.240625 0.972917 0.95166 
frame 285: 0 0.553125 0.486458 0.24375 0.972917 0.952637 
frame 286: 0 0.555469 0.485417 0.245312 0.970833 0.952637 
frame 287: 0 0.55625 0.483333 0.25 0.966667 0.951172 
frame 288: 0 0.557031 0.483333 0.251563 0.966667 0.951172 
frame 289: 0 0.557813 0.485417 0.253125 0.970833 0.953613 
frame 290: 0 0.558594 0.485417 0.257812 0.970833 0.95166 
frame 291: 0 0.557813 0.485417 0.259375 0.970833 0.951172 
frame 292: 0 0.557031 0.485417 0.267188 0.970833 0.948242 
frame 293: 0 0.55625 0.485417 0.271875 0.970833 0.945312 
frame 294: 0 0.554688 0.486458 0.278125 0.972917 0.944336 
frame 295: 0 0.553906 0.486458 0.282813 0.972917 0.942871 
frame 296: 0 0.552344 0.489583 0.289062 0.979167 0.941895 
frame 297: 0 0.551562 0.4875 0.290625 0.975 0.935059 
frame 298: 0 0.55 0.4875 0.29375 0.975 0.929688 
frame 299: 0 0.55 0.485417 0.29375 0.970833 0.92334 
frame 300: 0 0.550781 0.485417 0.289062 0.970833 0.927246 
frame 301: 0 0.55 0.485417 0.2875 0.970833 0.924316 
frame 302: 0 0.549219 0.485417 0.285937 0.970833 0.928711 
frame 303: 0 0.55 0.485417 0.28125 0.970833 0.932617 
frame 304: 0 0.549219 0.485417 0.276563 0.970833 0.934082 
frame 305: 0 0.55 0.486458 0.275 0.972917 0.93457 
frame 306: 0 0.551562 0.486458 0.271875 0.972917 0.94043 
frame 307: 0 0.553125 0.485417 0.26875 0.970833 0.940918 
frame 308: 0 0.554688 0.485417 0.2625 0.970833 0.948242 
frame 309: 0 0.554688 0.484375 0.259375 0.96875 0.948242 
frame 310: 0 0.555469 0.482292 0.257812 0.964583 0.946289 
frame 311: 0 0.554688 0.483333 0.25625 0.966667 0.949219 
frame 312: 0 0.554688 0.488542 0.253125 0.977083 0.952148 
frame 313: 0 0.553125 0.489583 0.25 0.979167 0.952637 
frame 314: 0 0.552344 0.489583 0.248437 0.979167 0.952637 
frame 315: 0 0.551562 0.490625 0.246875 0.98125 0.951172 
frame 316: 0 0.549219 0.490625 0.245312 0.98125 0.951172 
frame 317: 0 0.546875 0.489583 0.24375 0.979167 0.952148 
frame 318: 0 0.54375 0.489583 0.24375 0.979167 0.953125 
frame 319: 0 0.541406 0.489583 0.245312 0.979167 0.955078 
frame 320: 0 0.538281 0.489583 0.242188 0.979167 0.955566 
frame 321: 0 0.535937 0.489583 0.24375 0.979167 0.956055 
frame 322: 0 0.532031 0.489583 0.242188 0.979167 0.955078 
frame 323: 0 0.528125 0.489583 0.24375 0.979167 0.955566 
frame 324: 0 0.526563 0.491667 0.246875 0.983333 0.955078 
frame 325: 0 0.523438 0.491667 0.246875 0.983333 0.955566 
frame 326: 0 0.519531 0.491667 0.245312 0.983333 0.956055 
frame 327: 0 0.516406 0.489583 0.245312 0.979167 0.956055 
frame 328: 0 0.513281 0.491667 0.245312 0.983333 0.956055 
frame 329: 0 0.510156 0.489583 0.248437 0.979167 0.955078 
frame 330: 0 0.507812 0.491667 0.25 0.983333 0.956055 
frame 331: 0 0.507812 0.491667 0.253125 0.983333 0.955078 
frame 332: 0 0.514844 0.491667 0.273438 0.983333 0.950195 
frame 333: 0 0.524219 0.490625 0.298438 0.98125 0.946289 
frame 334: 0 0.535156 0.489583 0.323438 0.979167 0.953613 
frame 335: 0 0.549219 0.488542 0.351562 0.977083 0.949707 
frame 336: 0 0.557031 0.4875 0.370313 0.975 0.950684 
frame 337: 0 0.565625 0.4875 0.39375 0.975 0.955566 
frame 338: 0 0.574219 0.4875 0.414062 0.975 0.955566 
frame 339: 0 0.58125 0.490625 0.43125 0.98125 0.953613 
frame 340: 0 0.588281 0.490625 0.445312 0.98125 0.953125 
frame 341: 0 0.591406 0.491667 0.457812 0.983333 0.952637 
frame 342: 0 0.595312 0.492708 0.46875 0.98125 0.947754 
frame 343: 0 0.596094 0.492708 0.470313 0.98125 0.946289 
frame 344: 0 0.596875 0.492708 0.475 0.98125 0.941895 
frame 345: 0 0.596094 0.492708 0.473437 0.98125 0.948242 
frame 346: 0 0.595312 0.491667 0.471875 0.979167 0.948242 
frame 347: 0 0.590625 0.491667 0.459375 0.979167 0.955078 
frame 348: 0 0.585938 0.489583 0.446875 0.979167 0.952637 
frame 349: 0 0.579687 0.489583 0.434375 0.979167 0.954102 
frame 350: 0 0.573438 0.4875 0.41875 0.975 0.95459 
frame 351: 0 0.564062 0.486458 0.396875 0.972917 0.956055 
frame 352: 0 0.555469 0.488542 0.376563 0.977083 0.950195 
frame 353: 0 0.544531 0.489583 0.351562 0.979167 0.953125 
frame 354: 0 0.533594 0.490625 0.326562 0.98125 0.952148 
frame 355: 0 0.521875 0.491667 0.3 0.983333 0.946289 
frame 356: 0 0.514063 0.49375 0.278125 0.9875 0.950684 
frame 357: 0 0.509375 0.49375 0.2625 0.9875 0.955566 
frame 358: 0 0.511719 0.491667 0.260938 0.983333 0.955078 
frame 359: 0 0.514844 0.492708 0.260938 0.985417 0.955566 
frame 360: 0 0.517187 0.492708 0.259375 0.985417 0.955566 
frame 361: 0 0.520312 0.492708 0.259375 0.985417 0.956055 
frame 362: 0 0.522656 0.492708 0.257812 0.985417 0.955566 
frame 363: 0 0.524219 0.49375 0.257812 0.9875 0.955566 
frame 364: 0 0.526563 0.492708 0.25625 0.985417 0.955566 
frame 365: 0 0.528906 0.492708 0.254687 0.985417 0.956055 
frame 366: 0 0.53125 0.491667 0.253125 0.983333 0.956543 
frame 367: 0 0.533594 0.491667 0.251563 0.983333 0.955566 
frame 368: 0 0.535937 0.491667 0.25 0.983333 0.957031 
frame 369: 0 0.539844 0.491667 0.248437 0.983333 0.955566 
frame 370: 0 0.542969 0.491667 0.248437 0.983333 0.955078 
frame 371: 0 0.546094 0.491667 0.248437 0.983333 0.953613 
frame 372: 0 0.549219 0.491667 0.248437 0.983333 0.95166 
frame 373: 0 0.553125 0.49375 0.25 0.9875 0.955078 
frame 374: 0 0.557031 0.49375 0.251563 0.9875 0.956055 
frame 375: 0 0.558594 0.49375 0.254687 0.9875 0.955566 
frame 376: 0 0.553125 0.491667 0.278125 0.983333 0.943848 
frame 377: 0 0.544531 0.491667 0.304688 0.983333 0.94873 
frame 378: 0 0.532812 0.489583 0.334375 0.979167 0.95166 
frame 379: 0 0.526563 0.489583 0.353125 0.979167 0.955078 
frame 380: 0 0.517969 0.489583 0.379687 0.979167 0.961914 
frame 381: 0 0.510156 0.490625 0.401563 0.98125 0.961426 
frame 382: 0 0.504687 0.491667 0.415625 0.983333 0.958496 
frame 383: 0 0.499219 0.489583 0.432813 0.979167 0.949707 
frame 384: 0 0.497656 0.489583 0.442187 0.979167 0.948242 
frame 385: 0 0.496875 0.490625 0.446875 0.98125 0.945312 
frame 386: 0 0.495313 0.491667 0.45 0.983333 0.946289 
frame 387: 0 0.496094 0.491667 0.445312 0.983333 0.945801 
frame 388: 0 0.499219 0.490625 0.439063 0.98125 0.949219 
frame 389: 0 0.505469 0.489583 0.426562 0.979167 0.956055 
frame 390: 0 0.5125 0.489583 0.4125 0.979167 0.959473 
frame 391: 0 0.521875 0.488542 0.3875 0.977083 0.958008 
frame 392: 0 0.530469 0.490625 0.367188 0.98125 0.953125 
frame 393: 0 0.540625 0.490625 0.34375 0.98125 0.95166 
frame 394: 0 0.55 0.49375 0.321875 0.9875 0.947754 
frame 395: 0 0.560156 0.49375 0.298438 0.9875 0.944336 
frame 396: 0 0.572656 0.492708 0.270312 0.985417 0.943848 
frame 397: 0 0.575 0.492708 0.259375 0.985417 0.943359 
frame 398: 0 0.578125 0.49375 0.246875 0.9875 0.952148 
frame 399: 0 0.577344 0.492708 0.245312 0.985417 0.952637 
frame 400: 0 0.576563 0.492708 0.24375 0.985417 0.952637 
frame 401: 0 0.575781 0.491667 0.242188 0.983333 0.952637 
frame 402: 0 0.575 0.491667 0.240625 0.983333 0.95166 
frame 403: 0 0.574219 0.491667 0.242188 0.983333 0.952637 
frame 404: 0 0.574219 0.491667 0.242188 0.983333 0.952148 
frame 405: 0 0.573438 0.491667 0.240625 0.983333 0.952637 
frame 406: 0 0.573438 0.491667 0.240625 0.983333 0.952637 
frame 407: 0 0.571094 0.492708 0.239063 0.985417 0.952637 
frame 408: 0 0.569531 0.492708 0.239063 0.985417 0.95459 
frame 409: 0 0.56875 0.492708 0.2375 0.985417 0.95459 
frame 410: 0 0.567187 0.492708 0.240625 0.985417 0.955078 
frame 411: 0 0.565625 0.492708 0.2375 0.985417 0.95459 
frame 412: 0 0.564844 0.491667 0.239063 0.983333 0.955566 
frame 413: 0 0.5625 0.491667 0.2375 0.983333 0.955566 
frame 414: 0 0.560156 0.492708 0.239063 0.985417 0.957031 
frame 415: 0 0.559375 0.492708 0.2375 0.985417 0.957031 
frame 416: 0 0.557813 0.492708 0.240625 0.985417 0.958008 
frame 417: 0 0.554688 0.492708 0.240625 0.985417 0.957031 
frame 418: 0 0.55 0.49375 0.24375 0.9875 0.955078 
frame 419: 0 0.546094 0.491667 0.248437 0.983333 0.955078 
frame 420: 0 0.541406 0.492708 0.264062 0.985417 0.957031 
frame 421: 0 0.538281 0.49375 0.285937 0.9875 0.956543 
frame 422: 0 0.532812 0.49375 0.31875 0.9875 0.952637 
frame 423: 0 0.527344 0.492708 0.351562 0.985417 0.939941 
frame 424: 0 0.528125 0.492708 0.38125 0.985417 0.943848 
frame 425: 0 0.521875 0.491667 0.425 0.983333 0.941895 
frame 426: 0 0.483594 0.492708 0.529688 0.985417 0.874512 
frame 427: 0 0.509375 0.49375 0.4875 0.9875 0.931152 
frame 428: 0 0.505469 0.49375 0.514063 0.9875 0.913086 
frame 429: 0 0.504687 0.494792 0.521875 0.98125 0.913086 
frame 430: 0 0.478906 0.489583 0.592188 0.979167 0.876953 
frame 431: 0 0.470313 0.489583 0.609375 0.979167 0.859375 
frame 432: 0 0.4625 0.489583 0.625 0.979167 0.847168 
frame 433: 0 0.460156 0.489583 0.642187 0.979167 0.837891 
frame 434: 0 0.458594 0.490625 0.654688 0.98125 0.825684 
frame 435: 0 0.460938 0.489583 0.665625 0.979167 0.802246 
frame 436: 0 0.45625 0.489583 0.65625 0.979167 0.818848 
frame 437: 0 0.455469 0.490625 0.635938 0.98125 0.82666 
frame 438: 0 0.454688 0.490625 0.625 0.98125 0.833496 
frame 439: 0 0.453906 0.490625 0.617188 0.98125 0.85498 
frame 440: 0 0.458594 0.491667 0.610937 0.983333 0.881348 
frame 441: 0 0.469531 0.494792 0.585938 0.985417 0.907227 
frame 442: 0 0.459375 0.49375 0.58125 0.9875 0.904785 
frame 443: 0 0.470313 0.494792 0.53125 0.985417 0.933105 
frame 444: 0 0.46875 0.495833 0.50625 0.983333 0.939453 
frame 445: 0 0.442187 0.497917 0.51875 0.9875 0.925293 
frame 446: 0 0.482812 0.49375 0.403125 0.9875 0.952637 
frame 447: 0 0.478906 0.494792 0.367188 0.989583 0.954102 
frame 448: 0 0.488281 0.494792 0.323438 0.989583 0.934082 
frame 449: 0 0.482812 0.495833 0.309375 0.991667 0.94873 
frame 450: 0 0.496875 0.494792 0.275 0.989583 0.939941 
frame 451: 0 0.5125 0.494792 0.24375 0.989583 0.952637 
frame 452: 0 0.517187 0.49375 0.234375 0.9875 0.952148 
frame 453: 0 0.522656 0.49375 0.229687 0.9875 0.94873 
frame 454: 0 0.528906 0.49375 0.229687 0.9875 0.950684 
frame 455: 0 0.532031 0.49375 0.232812 0.9875 0.952148 
frame 456: 0 0.53125 0.49375 0.2375 0.9875 0.953613 
frame 457: 0 0.530469 0.492708 0.239063 0.985417 0.953125 
frame 458: 0 0.532031 0.492708 0.239063 0.985417 0.95459 
frame 459: 0 0.534375 0.492708 0.2375 0.985417 0.955566 
frame 460: 0 0.536719 0.49375 0.235938 0.9875 0.955566 
frame 461: 0 0.538281 0.49375 0.235938 0.9875 0.955566 
frame 462: 0 0.540625 0.49375 0.2375 0.9875 0.955078 
frame 463: 0 0.544531 0.49375 0.242188 0.9875 0.952637 
frame 464: 0 0.546875 0.49375 0.24375 0.9875 0.954102 
frame 465: 0 0.552344 0.495833 0.248437 0.991667 0.955078 
frame 466: 0 0.557031 0.495833 0.257812 0.991667 0.95752 
frame 467: 0 0.564062 0.494792 0.26875 0.989583 0.95752 
frame 468: 0 0.576563 0.49375 0.290625 0.9875 0.955566 
frame 469: 0 0.588281 0.49375 0.314063 0.9875 0.955078 
frame 470: 0 0.599219 0.49375 0.342187 0.983333 0.954102 
frame 471: 0 0.604688 0.492708 0.378125 0.98125 0.95752 
frame 472: 0 0.607813 0.495833 0.428125 0.983333 0.94043 
frame 473: 0 0.600781 0.49375 0.454688 0.979167 0.9375 
frame 474: 0 0.608594 0.495833 0.514063 0.983333 0.924805 
frame 475: 0 0.598437 0.49375 0.528125 0.9875 0.894531 
frame 476: 0 0.620313 0.49375 0.609375 0.983333 0.939453 
frame 477: 0 0.614062 0.492708 0.625 0.98125 0.913086 
frame 478: 0 0.616406 0.492708 0.667188 0.985417 0.892578 
frame 479: 0 0.628906 0.49375 0.692187 0.9875 0.912109 
frame 480: 0 0.603906 0.492708 0.664062 0.985417 0.861328 
frame 481: 0 0.5875 0.492708 0.65 0.985417 0.879395 
frame 482: 0 0.6125 0.491667 0.70625 0.983333 0.864746 
frame 483: 0 0.5875 0.491667 0.65 0.983333 0.894531 
frame 484: 0 0.60625 0.491667 0.703125 0.983333 0.827148 
frame 485: 0 0.60625 0.491667 0.703125 0.983333 0.820801 
frame 486: 0 0.607813 0.491667 0.690625 0.983333 0.831543 
frame 487: 0 0.610156 0.492708 0.689062 0.985417 0.850098 
frame 488: 0 0.610937 0.492708 0.68125 0.985417 0.846191 
frame 489: 0 0.610937 0.491667 0.671875 0.983333 0.839844 
frame 490: 0 0.609375 0.492708 0.659375 0.985417 0.825684 
frame 491: 0 0.610156 0.494792 0.651563 0.989583 0.818848 
frame 492: 0 0.611719 0.49375 0.654688 0.9875 0.820801 
frame 493: 0 0.621094 0.492708 0.673437 0.985417 0.864258 
frame 494: 0 0.6 0.492708 0.6125 0.985417 0.880859 
frame 495: 0 0.600781 0.494792 0.598437 0.985417 0.878418 
frame 496: 0 0.6375 0.494792 0.6625 0.985417 0.90332 
frame 497: 0 0.607813 0.494792 0.596875 0.985417 0.925781 
frame 498: 0 0.596094 0.495833 0.526563 0.9875 0.924316 
frame 499: 0 0.5875 0.498958 0.478125 0.989583 0.943359 
frame 500: 0 0.590625 0.497917 0.4625 0.9875 0.929688 
frame 501: 0 0.603125 0.496875 0.45 0.98125 0.952148 
frame 502: 0 0.598437 0.497917 0.396875 0.9875 0.953125 
frame 503: 0 0.594531 0.496875 0.360938 0.989583 0.949707 
frame 504: 0 0.585938 0.495833 0.31875 0.991667 0.95459 
frame 505: 0 0.571094 0.495833 0.279687 0.991667 0.949707 
frame 506: 0 0.557813 0.495833 0.25 0.991667 0.954102 
frame 507: 0 0.55 0.494792 0.2375 0.989583 0.951172 
frame 508: 0 0.545313 0.494792 0.228125 0.989583 0.952148 
frame 509: 0 0.542188 0.494792 0.228125 0.989583 0.953613 
frame 510: 0 0.539844 0.495833 0.232812 0.991667 0.956055 
frame 511: 0 0.539062 0.494792 0.240625 0.989583 0.957031 
frame 512: 0 0.541406 0.494792 0.251563 0.989583 0.957031 
frame 513: 0 0.542969 0.495833 0.260938 0.991667 0.957031 
frame 514: 0 0.54375 0.495833 0.26875 0.991667 0.956055 
frame 515: 0 0.546094 0.495833 0.273438 0.991667 0.956055 
frame 516: 0 0.549219 0.495833 0.282813 0.991667 0.956055 
frame 517: 0 0.55 0.495833 0.2875 0.991667 0.956055 
frame 518: 0 0.550781 0.495833 0.289062 0.991667 0.956543 
frame 519: 0 0.549219 0.495833 0.289062 0.991667 0.955566 
frame 520: 0 0.546094 0.496875 0.282813 0.989583 0.955566 
frame 521: 0 0.542969 0.496875 0.279687 0.989583 0.956543 
frame 522: 0 0.540625 0.496875 0.275 0.989583 0.956543 
frame 523: 0 0.535937 0.496875 0.271875 0.989583 0.955566 
frame 524: 0 0.532031 0.496875 0.264062 0.989583 0.955078 
frame 525: 0 0.526563 0.496875 0.253125 0.989583 0.95459 
frame 526: 0 0.521875 0.495833 0.25 0.991667 0.952637 
frame 527: 0 0.517969 0.496875 0.245312 0.99375 0.953613 
frame 528: 0 0.514844 0.495833 0.242188 0.991667 0.952148 
frame 529: 0 0.510938 0.496875 0.2375 0.99375 0.953613 
frame 530: 0 0.50625 0.497917 0.23125 0.995833 0.948242 
frame 531: 0 0.501562 0.497917 0.221875 0.995833 0.938965 
frame 532: 0 0.499219 0.497917 0.214062 0.995833 0.94043 
frame 533: 0 0.496875 0.497917 0.20625 0.995833 0.937012 
frame 534: 0 0.49375 0.49375 0.196875 0.9875 0.9375 
frame 535: 0 0.490625 0.497917 0.1875 0.995833 0.932617 
frame 536: 0 0.488281 0.497917 0.176563 0.995833 0.917969 
frame 537: 0 0.485938 0.496875 0.165625 0.99375 0.919922 
frame 538: 0 0.483594 0.496875 0.160938 0.99375 0.913574 
frame 539: 0 0.482812 0.495833 0.153125 0.991667 0.915039 
frame 540: 0 0.480469 0.497917 0.154687 0.995833 0.916992 
frame 541: 0 0.475 0.497917 0.1625 0.995833 0.91748 
frame 542: 0 0.470313 0.497917 0.171875 0.995833 0.916992 
frame 543: 0 0.465625 0.497917 0.178125 0.995833 0.916016 
frame 544: 0 0.461719 0.497917 0.182812 0.995833 0.922363 
frame 545: 0 0.459375 0.498958 0.1875 0.997917 0.925293 
frame 546: 0 0.45625 0.5 0.19375 1 0.928223 
frame 547: 0 0.45625 0.5 0.2 1 0.931152 
frame 548: 0 0.454688 0.5 0.209375 1 0.931152 
frame 549: 0 0.455469 0.498958 0.214062 0.997917 0.937988 
frame 550: 0 0.45625 0.5 0.221875 1 0.938477 
frame 551: 0 0.457812 0.5 0.228125 1 0.943359 
frame 552: 0 0.460156 0.5 0.235938 1 0.945312 
frame 553: 0 0.4625 0.5 0.240625 1 0.945312 
frame 554: 0 0.464063 0.5 0.246875 1 0.947266 
frame 555: 0 0.466406 0.5 0.251563 1 0.949219 
frame 556: 0 0.467969 0.5 0.254687 1 0.949707 
frame 557: 0 0.470313 0.5 0.259375 1 0.950684 
frame 558: 0 0.472656 0.5 0.264062 1 0.953125 
frame 559: 0 0.475781 0.5 0.267188 1 0.952148 
frame 560: 0 0.478906 0.5 0.270312 1 0.953125 
frame 561: 0 0.482031 0.5 0.273438 1 0.953613 
frame 562: 0 0.486719 0.5 0.276563 1 0.956543 
frame 563: 0 0.489844 0.5 0.276563 1 0.956543 
frame 564: 0 0.49375 0.5 0.275 1 0.955078 
frame 565: 0 0.5 0.5 0.275 1 0.950684 
frame 566: 0 0.505469 0.5 0.273438 1 0.95166 
frame 567: 0 0.509375 0.5 0.275 1 0.95459 
frame 568: 0 0.5125 0.5 0.275 1 0.955566 
frame 569: 0 0.517187 0.5 0.271875 1 0.956543 
frame 570: 0 0.523438 0.498958 0.265625 0.997917 0.955566 
frame 571: 0 0.525781 0.498958 0.264062 0.997917 0.953613 
frame 572: 0 0.529688 0.498958 0.259375 0.997917 0.95166 
frame 573: 0 0.532812 0.498958 0.253125 0.997917 0.952148 
frame 574: 0 0.534375 0.498958 0.246875 0.997917 0.952637 
frame 575: 0 0.535937 0.497917 0.240625 0.995833 0.952637 
frame 576: 0 0.536719 0.497917 0.235938 0.995833 0.949707 
frame 577: 0 0.539062 0.497917 0.228125 0.995833 0.946289 
frame 578: 0 0.539062 0.497917 0.221875 0.995833 0.942871 
frame 579: 0 0.542969 0.497917 0.214062 0.995833 0.942383 
frame 580: 0 0.542188 0.497917 0.203125 0.995833 0.940918 
frame 581: 0 0.542188 0.497917 0.196875 0.995833 0.94043 
frame 582: 0 0.542969 0.497917 0.189063 0.995833 0.931641 
frame 583: 0 0.542188 0.497917 0.184375 0.995833 0.924805 
frame 584: 0 0.541406 0.497917 0.179688 0.995833 0.922852 
frame 585: 0 0.538281 0.496875 0.179688 0.99375 0.915039 
frame 586: 0 0.535937 0.496875 0.178125 0.99375 0.907227 
frame 587: 0 0.539844 0.496875 0.185937 0.99375 0.902344 
frame 588: 0 0.542188 0.496875 0.1875 0.99375 0.900879 
frame 589: 0 0.541406 0.497917 0.185937 0.995833 0.890137 
frame 590: 0 0.536719 0.495833 0.182812 0.991667 0.877441 
frame 591: 0 0.532812 0.491667 0.178125 0.983333 0.878906 
frame 592: 0 0.528906 0.49375 0.170312 0.9875 0.887695 
frame 593: 0 0.528906 0.49375 0.173438 0.9875 0.899902 
frame 594: 0 0.525781 0.495833 0.176563 0.991667 0.911133 
frame 595: 0 0.524219 0.495833 0.189063 0.991667 0.92334 
frame 596: 0 0.525 0.497917 0.2 0.995833 0.929199 
frame 597: 0 0.525 0.496875 0.2125 0.99375 0.933594 
frame 598: 0 0.525781 0.497917 0.220313 0.995833 0.937988 
frame 599: 0 0.525781 0.497917 0.229687 0.995833 0.943359 
frame 600: 0 0.528125 0.497917 0.24375 0.995833 0.947754 
frame 601: 0 0.525781 0.497917 0.248437 0.995833 0.949219 
frame 602: 0 0.526563 0.497917 0.259375 0.995833 0.950684 
frame 603: 0 0.526563 0.498958 0.265625 0.997917 0.952148 
frame 604: 0 0.525781 0.498958 0.270312 0.99375 0.95459 
frame 605: 0 0.523438 0.497917 0.278125 0.995833 0.953125 
frame 606: 0 0.520312 0.498958 0.28125 0.99375 0.954102 
frame 607: 0 0.517969 0.497917 0.282813 0.995833 0.953125 
frame 608: 0 0.514844 0.498958 0.285937 0.997917 0.954102 
frame 609: 0 0.5125 0.497917 0.284375 0.995833 0.955078 
frame 610: 0 0.509375 0.498958 0.2875 0.997917 0.954102 
frame 611: 0 0.50625 0.497917 0.2875 0.995833 0.953125 
frame 612: 0 0.503125 0.497917 0.2875 0.995833 0.953613 
frame 613: 0 0.500781 0.498958 0.285937 0.997917 0.953613 
frame 614: 0 0.498437 0.5 0.284375 1 0.954102 
frame 615: 0 0.495313 0.5 0.284375 1 0.955566 
frame 616: 0 0.49375 0.5 0.28125 1 0.955566 
frame 617: 0 0.492969 0.5 0.282813 1 0.956055 
frame 618: 0 0.492188 0.5 0.284375 1 0.956055 
frame 619: 0 0.492188 0.5 0.284375 1 0.955566 
frame 620: 0 0.492188 0.5 0.284375 1 0.956055 
frame 621: 0 0.492188 0.5 0.284375 1 0.956543 
frame 622: 0 0.492969 0.5 0.285937 1 0.955566 
frame 623: 0 0.494531 0.498958 0.285937 0.997917 0.955566 
frame 624: 0 0.496094 0.5 0.285937 1 0.95459 
frame 625: 0 0.497656 0.5 0.285937 1 0.954102 
frame 626: 0 0.499219 0.5 0.285937 1 0.954102 
frame 627: 0 0.5 0.5 0.2875 1 0.952148 
frame 628: 0 0.501562 0.5 0.290625 1 0.953613 
frame 629: 0 0.503125 0.5 0.2875 1 0.95459 
frame 630: 0 0.504687 0.5 0.290625 1 0.956543 
frame 631: 0 0.505469 0.5 0.292188 1 0.957031 
frame 632: 0 0.507031 0.5 0.292188 1 0.958496 
frame 633: 0 0.507812 0.5 0.290625 1 0.958496 
frame 634: 0 0.510156 0.5 0.292188 1 0.958496 
frame 635: 0 0.511719 0.5 0.292188 1 0.958008 
frame 636: 0 0.5125 0.5 0.29375 1 0.957031 
frame 637: 0 0.514063 0.5 0.29375 1 0.95752 
frame 638: 0 0.513281 0.5 0.298438 1 0.956055 
frame 639: 0 0.514063 0.5 0.30625 1 0.95752 
frame 640: 0 0.5125 0.5 0.31875 1 0.956055 
frame 641: 0 0.528125 0.5 0.30625 1 0.948242 
frame 642: 0 0.525781 0.5 0.323438 1 0.934082 
frame 643: 0 0.511719 0.501042 0.364062 0.997917 0.950684 
frame 644: 0 0.51875 0.5 0.359375 1 0.959473 
frame 645: 0 0.521094 0.501042 0.367188 0.997917 0.959473 
frame 646: 0 0.523438 0.501042 0.375 0.997917 0.959473 
frame 647: 0 0.521094 0.501042 0.389062 0.997917 0.958984 
frame 648: 0 0.515625 0.501042 0.40625 0.997917 0.960938 
frame 649: 0 0.511719 0.5 0.420312 1 0.961914 
frame 650: 0 0.5125 0.5 0.41875 1 0.961914 
frame 651: 0 0.513281 0.5 0.417188 1 0.962891 
frame 652: 0 0.5125 0.5 0.415625 1 0.962402 
frame 653: 0 0.511719 0.5 0.417188 1 0.963379 
frame 654: 0 0.508594 0.501042 0.420312 0.997917 0.962402 
frame 655: 0 0.507812 0.501042 0.421875 0.997917 0.961914 
frame 656: 0 0.507031 0.501042 0.423438 0.997917 0.959961 
frame 657: 0 0.50625 0.5 0.421875 1 0.959473 
frame 658: 0 0.50625 0.501042 0.41875 0.997917 0.960449 
frame 659: 0 0.504687 0.501042 0.41875 0.997917 0.958984 
frame 660: 0 0.503906 0.501042 0.417188 0.997917 0.958496 
frame 661: 0 0.503906 0.501042 0.417188 0.997917 0.958008 
frame 662: 0 0.504687 0.502083 0.415625 0.995833 0.959961 
frame 663: 0 0.503906 0.502083 0.417188 0.995833 0.959961 
frame 664: 0 0.503125 0.502083 0.41875 0.995833 0.958984 
frame 665: 0 0.505469 0.502083 0.410937 0.995833 0.960938 
frame 666: 0 0.507812 0.502083 0.403125 0.995833 0.959473 
frame 667: 0 0.509375 0.501042 0.396875 0.997917 0.959473 
frame 668: 0 0.509375 0.498958 0.39375 0.997917 0.961426 
frame 669: 0 0.510938 0.5 0.384375 1 0.962891 
frame 670: 0 0.5125 0.498958 0.371875 0.997917 0.963379 
frame 671: 0 0.513281 0.5 0.364062 1 0.964355 
frame 672: 0 0.515625 0.5 0.353125 1 0.963379 
frame 673: 0 0.516406 0.5 0.345313 1 0.962891 
frame 674: 0 0.514844 0.5 0.339063 1 0.961426 
frame 675: 0 0.514063 0.5 0.334375 1 0.961426 
frame 676: 0 0.511719 0.5 0.332812 1 0.962402 
frame 677: 0 0.509375 0.498958 0.33125 0.997917 0.961426 
frame 678: 0 0.505469 0.5 0.332812 1 0.958984 
frame 679: 0 0.5 0.5 0.33125 0.991667 0.956543 
frame 680: 0 0.494531 0.501042 0.332812 0.99375 0.958496 
frame 681: 0 0.489844 0.5 0.332812 0.995833 0.959961 
frame 682: 0 0.483594 0.498958 0.332812 0.997917 0.95752 
frame 683: 0 0.478125 0.5 0.3375 1 0.955566 
frame 684: 0 0.471875 0.5 0.3375 1 0.95752 
frame 685: 0 0.466406 0.5 0.339063 1 0.958984 
frame 686: 0 0.460156 0.5 0.342187 1 0.960938 
frame 687: 0 0.455469 0.497917 0.348437 0.995833 0.960449 
frame 688: 0 0.449219 0.498958 0.354688 0.99375 0.959961 
frame 689: 0 0.444531 0.498958 0.357812 0.99375 0.959961 
frame 690: 0 0.441406 0.497917 0.364062 0.995833 0.960449 
frame 691: 0 0.439063 0.497917 0.36875 0.995833 0.962402 
frame 692: 0 0.438281 0.497917 0.370313 0.995833 0.962402 
frame 693: 0 0.435937 0.498958 0.375 0.997917 0.961914 
frame 694: 0 0.435937 0.498958 0.378125 0.997917 0.960449 
frame 695: 0 0.434375 0.497917 0.378125 0.995833 0.959473 
frame 696: 0 0.433594 0.497917 0.382812 0.995833 0.959961 
frame 697: 0 0.433594 0.497917 0.382812 0.995833 0.958984 
frame 698: 0 0.433594 0.497917 0.382812 0.995833 0.959961 
frame 699: 0 0.434375 0.497917 0.384375 0.995833 0.959473 
frame 700: 0 0.435937 0.497917 0.3875 0.995833 0.959473 
frame 701: 0 0.438281 0.497917 0.389062 0.995833 0.961426 
frame 702: 0 0.440625 0.497917 0.39375 0.995833 0.961426 
frame 703: 0 0.44375 0.498958 0.4 0.99375 0.961914 
frame 704: 0 0.446094 0.498958 0.404687 0.99375 0.960938 
frame 705: 0 0.450781 0.498958 0.410937 0.99375 0.959961 
frame 706: 0 0.453125 0.498958 0.41875 0.99375 0.960938 
frame 707: 0 0.457031 0.498958 0.429688 0.99375 0.963379 
frame 708: 0 0.4625 0.5 0.440625 0.991667 0.963867 
frame 709: 0 0.467187 0.498958 0.446875 0.99375 0.962402 
frame 710: 0 0.472656 0.5 0.460938 0.991667 0.958496 
frame 711: 0 0.478125 0.498958 0.471875 0.99375 0.960938 
frame 712: 0 0.482031 0.498958 0.479688 0.99375 0.959473 
frame 713: 0 0.485938 0.497917 0.496875 0.995833 0.956543 
frame 714: 0 0.489062 0.497917 0.509375 0.995833 0.955566 
frame 715: 0 0.488281 0.498958 0.517187 0.997917 0.955078 
frame 716: 0 0.4875 0.498958 0.525 0.997917 0.954102 
frame 717: 0 0.482031 0.501042 0.535937 0.997917 0.950195 
frame 718: 0 0.474219 0.5 0.554688 1 0.952637 
frame 719: 0 0.469531 0.5 0.560938 1 0.958496 
frame 720: 0 0.453125 0.498958 0.59375 0.997917 0.939941 
frame 721: 0 0.444531 0.501042 0.607813 0.997917 0.947754 
frame 722: 0 0.4375 0.5 0.6125 1 0.950684 
frame 723: 0 0.415625 0.497917 0.64375 0.995833 0.950684 
frame 724: 0 0.400781 0.498958 0.651563 0.997917 0.942383 
frame 725: 0 0.373437 0.497917 0.696875 0.995833 0.942871 
frame 726: 0 0.365625 0.497917 0.709375 0.995833 0.940918 
frame 727: 0 0.357031 0.498958 0.714063 0.997917 0.938477 
frame 728: 0 0.353125 0.497917 0.70625 0.995833 0.933105 
frame 729: 0 0.350781 0.497917 0.701563 0.995833 0.925293 
frame 730: 0 0.351562 0.497917 0.703125 0.995833 0.933105 
frame 731: 0 0.35 0.497917 0.7 0.995833 0.933105 
frame 732: 0 0.349219 0.498958 0.698438 0.997917 0.938965 
frame 733: 0 0.347656 0.497917 0.695312 0.995833 0.93457 
frame 734: 0 0.346875 0.497917 0.69375 0.995833 0.936035 
frame 735: 0 0.342187 0.497917 0.684375 0.995833 0.926758 
frame 736: 0 0.338281 0.497917 0.676562 0.995833 0.934082 
frame 737: 0 0.3375 0.497917 0.675 0.995833 0.930176 
frame 738: 0 0.338281 0.497917 0.676562 0.995833 0.929199 
frame 739: 0 0.338281 0.497917 0.676562 0.995833 0.922852 
frame 740: 0 0.340625 0.497917 0.68125 0.995833 0.918945 
frame 741: 0 0.340625 0.496875 0.68125 0.99375 0.917969 
frame 742: 0 0.340625 0.498958 0.68125 0.99375 0.918457 
frame 743: 0 0.342187 0.497917 0.684375 0.995833 0.926758 
frame 744: 0 0.344531 0.497917 0.689062 0.995833 0.929199 
frame 745: 0 0.346094 0.496875 0.692187 0.99375 0.936523 
frame 746: 0 0.35 0.497917 0.7 0.995833 0.937012 
frame 747: 0 0.351562 0.497917 0.703125 0.995833 0.945312 
frame 748: 0 0.353125 0.497917 0.70625 0.995833 0.945801 
frame 749: 0 0.354688 0.497917 0.709375 0.995833 0.944336 
frame 750: 0 0.355469 0.497917 0.710938 0.995833 0.945801 
frame 751: 0 0.354688 0.497917 0.709375 0.995833 0.946289 
frame 752: 0 0.355469 0.497917 0.710938 0.995833 0.945312 
frame 753: 0 0.35625 0.497917 0.7125 0.995833 0.945801 
frame 754: 0 0.35625 0.497917 0.7125 0.995833 0.945801 
frame 755: 0 0.357031 0.497917 0.710938 0.995833 0.946289 
frame 756: 0 0.357031 0.497917 0.714063 0.995833 0.950195 
frame 757: 0 0.357031 0.497917 0.714063 0.995833 0.951172 
frame 758: 0 0.357812 0.497917 0.715625 0.995833 0.950195 
frame 759: 0 0.360938 0.497917 0.721875 0.995833 0.949219 
frame 760: 0 0.358594 0.497917 0.717188 0.995833 0.94873 
frame 761: 0 0.360938 0.497917 0.721875 0.995833 0.947266 
frame 762: 0 0.360938 0.497917 0.721875 0.995833 0.950684 
frame 763: 0 0.359375 0.497917 0.71875 0.995833 0.950684 
frame 764: 0 0.360938 0.497917 0.721875 0.995833 0.953125 
frame 765: 0 0.364062 0.497917 0.728125 0.995833 0.951172 
frame 766: 0 0.3625 0.497917 0.725 0.995833 0.950684 
frame 767: 0 0.361719 0.497917 0.723437 0.995833 0.95166 
frame 768: 0 0.364062 0.497917 0.728125 0.995833 0.949707 
frame 769: 0 0.361719 0.497917 0.720312 0.995833 0.949219 
frame 770: 0 0.361719 0.497917 0.720312 0.995833 0.948242 
frame 771: 0 0.357031 0.497917 0.714063 0.995833 0.945801 
frame 772: 0 0.35625 0.497917 0.7125 0.995833 0.947266 
frame 773: 0 0.35625 0.497917 0.7125 0.995833 0.946289 
frame 774: 0 0.355469 0.497917 0.710938 0.995833 0.942871 
frame 775: 0 0.354688 0.497917 0.709375 0.995833 0.947266 
