frame 1: 0 0.474219 0.385417 0.204688 0.770833 0.939453 
frame 2: 0 0.480469 0.3875 0.185937 0.770833 0.937012 
frame 3: 0 0.478125 0.3875 0.1875 0.775 0.93457 
frame 4: 0 0.44375 0.386458 0.271875 0.772917 0.931641 
frame 5: 0 0.407813 0.3875 0.490625 0.775 0.958496 
frame 6: 0 0.408594 0.390625 0.592188 0.78125 0.953125 
frame 7: 0 0.39375 0.389583 0.63125 0.779167 0.901855 
frame 8: 0 0.401563 0.3875 0.646875 0.766667 0.926758 
frame 9: 0 0.403906 0.386458 0.648438 0.76875 0.915039 
frame 10: 0 0.411719 0.386458 0.645312 0.76875 0.924805 
frame 11: 0 0.425781 0.389583 0.604688 0.779167 0.950195 
frame 12: 0 0.446875 0.3875 0.340625 0.775 0.942383 
frame 13: 0 0.469531 0.3875 0.185937 0.775 0.934082 
frame 14: 0 0.485938 0.386458 0.2 0.772917 0.938965 
frame 15: 0 0.491406 0.3875 0.192188 0.775 0.935059 
frame 16: 0 0.495313 0.389583 0.196875 0.775 0.933594 
frame 17: 0 0.471094 0.3875 0.329688 0.775 0.937012 
frame 18: 0 0.478906 0.3875 0.417188 0.775 0.947754 
frame 19: 0 0.485156 0.389583 0.573438 0.779167 0.94873 
frame 20: 0 0.502344 0.388542 0.632812 0.777083 0.928711 
frame 21: 0 0.492969 0.388542 0.654688 0.777083 0.915527 
frame 22: 0 0.482031 0.388542 0.614062 0.777083 0.95459 
frame 23: 0 0.480469 0.388542 0.382812 0.777083 0.940918 
frame 24: 0 0.467969 0.388542 0.235938 0.777083 0.933594 
frame 25: 0 0.45625 0.389583 0.190625 0.779167 0.931152 
frame 26: 0 0.460938 0.388542 0.203125 0.777083 0.933594 
frame 27: 0 0.484375 0.3875 0.253125 0.775 0.938477 
frame 28: 0 0.489844 0.389583 0.420312 0.779167 0.936035 
frame 29: 0 0.482031 0.389583 0.501562 0.779167 0.900879 
frame 30: 0 0.48125 0.389583 0.525 0.779167 0.94043 
frame 31: 0 0.509375 0.3875 0.45 0.775 0.866699 
frame 32: 0 0.498437 0.389583 0.453125 0.779167 0.885254 
frame 33: 0 0.49375 0.389583 0.5125 0.779167 0.923828 
frame 34: 0 0.4875 0.3875 0.35 0.775 0.942871 
frame 35: 0 0.483594 0.3875 0.417188 0.775 0.939941 
frame 36: 0 0.49375 0.389583 0.440625 0.779167 0.932129 
frame 37: 0 0.489062 0.3875 0.36875 0.775 0.94043 
frame 38: 0 0.499219 0.3875 0.379687 0.775 0.928711 
frame 39: 0 0.504687 0.389583 0.41875 0.779167 0.941406 
frame 40: 0 0.51875 0.390625 0.41875 0.78125 0.9375 
frame 41: 0 0.497656 0.405208 0.189063 0.810417 0.851074 
frame 42: 0 0.50625 0.422917 0.23125 0.845833 0.935547 
frame 43: 0 0.474219 0.423958 0.214062 0.847917 0.933105 
frame 44: 0 0.463281 0.427083 0.210938 0.854167 0.927246 
frame 45: 0 0.454688 0.464583 0.259375 0.929167 0.876465 
frame 46: 0 0.45625 0.479167 0.25 0.958333 0.930664 
frame 47: 0 0.482031 0.478125 0.254687 0.95625 0.945312 
frame 48: 0 0.520312 0.48125 0.278125 0.9625 0.946777 
frame 49: 0 0.509375 0.48125 0.26875 0.9625 0.944824 
frame 50: 0 0.484375 0.48125 0.21875 0.9625 0.933594 
frame 51: 0 0.480469 0.476042 0.182812 0.952083 0.911133 
frame 52: 0 0.452344 0.44375 0.195312 0.8875 0.905762 
frame 53: 0 0.448438 0.444792 0.209375 0.889583 0.92627 
frame 54: 0 0.442187 0.44375 0.2 0.8875 0.934082 
frame 55: 0 0.433594 0.44375 0.210938 0.8875 0.936523 
frame 56: 0 0.442969 0.444792 0.217187 0.889583 0.936035 
frame 57: 0 0.459375 0.444792 0.21875 0.889583 0.915039 
frame 58: 0 0.4875 0.432292 0.234375 0.864583 0.939941 
frame 59: 0 0.486719 0.43125 0.239063 0.8625 0.943848 
frame 60: 0 0.48125 0.43125 0.234375 0.8625 0.939941 
frame 61: 0 0.451562 0.416667 0.2 0.833333 0.92627 
frame 62: 0 0.453906 0.408333 0.176563 0.816667 0.907715 
frame 63: 0 0.467969 0.409375 0.148438 0.814583 0.913574 
frame 64: 0 0.485156 0.409375 0.142188 0.814583 0.913574 
frame 65: 0 0.507031 0.407292 0.148438 0.814583 0.929199 
frame 66: 0 0.514063 0.407292 0.159375 0.814583 0.931641 
frame 67: 0 0.552344 0.411458 0.223438 0.822917 0.932129 
frame 68: 0 0.540625 0.383333 0.21875 0.7625 0.941895 
frame 69: 0 0.510938 0.383333 0.190625 0.766667 0.934082 
frame 70: 0 0.488281 0.385417 0.195312 0.766667 0.926758 
frame 71: 0 0.475781 0.410417 0.189063 0.820833 0.932617 
frame 72: 0 0.478125 0.428125 0.19375 0.85625 0.923828 
frame 73: 0 0.4875 0.429167 0.21875 0.858333 0.932129 
frame 74: 0 0.494531 0.430208 0.223438 0.860417 0.930176 
frame 75: 0 0.494531 0.43125 0.235938 0.8625 0.931641 
frame 76: 0 0.4875 0.433333 0.28125 0.866667 0.93457 
frame 77: 0 0.510156 0.433333 0.323438 0.866667 0.910645 
frame 78: 0 0.446875 0.43125 0.33125 0.8625 0.933105 
frame 79: 0 0.478906 0.43125 0.285937 0.8625 0.937012 
frame 80: 0 0.474219 0.432292 0.298438 0.864583 0.945801 
frame 81: 0 0.444531 0.433333 0.354688 0.8625 0.931641 
frame 82: 0 0.478906 0.433333 0.285937 0.866667 0.946777 
frame 83: 0 0.441406 0.433333 0.360938 0.866667 0.935059 
frame 84: 0 0.471094 0.432292 0.298438 0.864583 0.930664 
frame 85: 0 0.482812 0.432292 0.275 0.864583 0.949707 
frame 86: 0 0.459375 0.432292 0.325 0.864583 0.95166 
frame 87: 0 0.433594 0.432292 0.382812 0.864583 0.930176 
frame 88: 0 0.439844 0.43125 0.364062 0.8625 0.939453 
frame 89: 0 0.467187 0.43125 0.309375 0.8625 0.940918 
frame 90: 0 0.5 0.432292 0.246875 0.864583 0.935547 
frame 91: 0 0.495313 0.432292 0.25625 0.864583 0.929688 
frame 92: 0 0.48125 0.43125 0.290625 0.8625 0.946289 
frame 93: 0 0.460938 0.432292 0.334375 0.864583 0.953125 
frame 94: 0 0.447656 0.433333 0.364062 0.8625 0.941895 
frame 95: 0 0.471875 0.432292 0.3125 0.864583 0.9375 
frame 96: 0 0.495313 0.432292 0.259375 0.864583 0.935059 
frame 97: 0 0.499219 0.433333 0.226562 0.866667 0.9375 
frame 98: 0 0.4875 0.433333 0.228125 0.866667 0.938477 
frame 99: 0 0.480469 0.432292 0.232812 0.864583 0.93457 
frame 100: 0 0.482812 0.434375 0.24375 0.864583 0.933594 
frame 101: 0 0.465625 0.43125 0.1875 0.8625 0.911133 
frame 102: 0 0.465625 0.43125 0.18125 0.8625 0.907227 
frame 103: 0 0.469531 0.432292 0.204688 0.864583 0.896973 
frame 104: 0 0.471875 0.433333 0.2125 0.866667 0.919434 
frame 105: 0 0.457031 0.433333 0.217187 0.866667 0.936035 
frame 106: 0 0.429688 0.433333 0.228125 0.866667 0.932129 
frame 107: 0 0.414844 0.433333 0.239063 0.866667 0.935547 
frame 108: 0 0.416406 0.476042 0.242188 0.952083 0.939453 
frame 109: 0 0.436719 0.483333 0.245312 0.966667 0.943359 
frame 110: 0 0.488281 0.483333 0.267188 0.966667 0.947266 
frame 111: 0 0.496875 0.49375 0.28125 0.9875 0.945312 
frame 112: 0 0.471875 0.49375 0.30625 0.9875 0.951172 
frame 113: 0 0.425 0.494792 0.340625 0.989583 0.952637 
frame 114: 0 0.300781 0.501042 0.504687 0.997917 0.947266 
frame 115: 0 0.326562 0.5 0.46875 0.991667 0.952637 
frame 116: 0 0.332031 0.502083 0.479688 0.995833 0.912109 
frame 117: 0 0.327344 0.504167 0.489062 0.9875 0.924316 
frame 118: 0 0.327344 0.502083 0.485938 0.991667 0.927246 
frame 119: 0 0.315625 0.502083 0.503125 0.991667 0.911621 
frame 120: 0 0.276563 0.498958 0.553125 0.99375 0.938965 
frame 121: 0 0.271875 0.498958 0.54375 0.997917 0.928711 
